   2 245 326         159 301 323           5 188 316           9 237 259        
  42  93 355          30 281 319         204 268 353         165 303 322        
 230 239 325          46 178 317         256 313 377          70 172 354        
 131 319 323         129 163 184         266 319 372         121 348 374        
 174 289 311          22  97 102         192 315 371          65  77 150        
 233 237 381           3 251 333          11  45 151          62  89 359        
 141 201 377          14 136 150          12 103 173         230 276 306        
  26  52 161         241 264 359         129 212 258          86 154 295        
  64 109 287           9 215 350          39 323 326          83 187 319        
  61 292 314          39  94 267          68 118 230         125 302 318        
 220 344 363          20 214 290          73 130 382          39 238 375        
   4 242 257         108 132 300         107 176 365          71 145 258        
  84 121 126          33  72 145          80 121 310         132 178 272        
  23 243 365         224 272 368          25 334 375          27 144 364        
  53  65 135         121 154 355          22  51 104          74 118 383        
 185 215 256           7  51 126          55 238 305         139 160 239        
  75 101 103           2 279 360           9  76 206          19 113 223        
   9 235 291         191 254 313          47 290 307          31 222 325        
  19  82 296          78 190 345         195 234 343         212 217 315        
 129 255 369         198 299 309         197 241 252         101 114 194        
  55 120 140          45  59 256          53 321 376          24 107 197        
 118 125 372          24 133 347          18 210 271          28  50 365        
  71 252 285         103 232 244          29  81 306         126 282 343        
  56 211 250          58 179 193          91 267 282         204 207 229        
   7  11 305          55 205 358          75 105 187          34 220 293        
 204 224 371         199 246 284          37  93 199         169 201 284        
 152 181 267         107 208 374         193 244 304          98 167 232        
 180 268 376          43  96 357          38 119 156          69 100 285        
  85 307 350          64 104 376          67  94  97         196 341 360        
  37  45  47           1 120 207          42 239 253          61  68 279        
  32 264 357         113 143 294         231 236 242         148 153 338        
  62 114 184         128 273 370         152 342 367         191 257 290        
 116 176 272         110 206 249         251 294 322          91 143 244        
  33 354 362           6 316 382         175 287 296          81 110 173        
  14 167 271         135 172 349         115 149 350          21 206 219        
  77 124 306         257 262 329         160 223 331          80 115 156        
 158 277 304          18  60 231          49 106 354         180 215 305        
 288 351 370         177 280 320          56 201 332         246 271 379        
  96 175 254          98 148 283          62 284 361         274 357 368        
 163 283 379          53 131 209          72  77 360         147 252 301        
 227 269 361         166 277 363          41 171 338          36 136 152        
 150 187 214          17 181 315          27  43 308         119 174 356        
 217 324 345         118 139 306         155 283 314         120 218 251        
  70 193 309         100 192 338          23 146 317          57 112 311        
 113 134 275          52 147 325         101 191 300          25 227 265        
  73 302 360          38 127 200          48 261 368         108 308 310        
  36  41 102          40 255 371          90 260 277          96 130 149        
  87 196 284          10  44 263         180 309 379          23 151 253        
   1 155 380         183 289 312          52 122 247         116 185 248        
  76 327 378         134 230 337           6  70 366         205 298 371        
  30 349 367          23 174 261           8 140 345          48 138 283        
 179 182 373         202 226 354         100 164 344           5  30 170        
  83 178 203         152 204 373           3  92 179          29 195 376        
  28 286 295         165 217 252          13 194 273          82 309 381        
  79  92 213          50  76 144           7 136 161         166 235 328        
  66  68 210          86 298 321         113 255 370         104 260 334        
 128 290 382          66 318 336         217 292 337          59  78 202        
 173 206 315          67 269 327          14 170 263          42 103 294        
   5  67 274          36 196 305          78 159 222         266 300 362        
   3  13 244          15  25 275         139 227 339          38  85 254        
 156 160 308          11 266 311          33  50 340          15 210 287        
 127 219 313           5 282 341          36  95 172          22  40 313        
  20 115 154         130 160 295         174 183 380          84 183 345        
  74  99 133          37 176 344         131 154 215          92 176 261        
  10 225 265         201 250 362          63 208 240         355 373 377        
  27 281 342         326 369 372         162 189 297           1 135 351        
 106 270 352         112 245 307          79 202 225         188 233 336        
 188 226 229          63 237 314          24 311 341          64 216 337        
 216 338 364          90 342 378          44  57  71          58 225 281        
 238 260 374          62 223 346         178 280 369          97 189 363        
 169 234 303          69 330 380           4 235 245          11 105 128        
  22  95 168           8 101 285         295 357 359           0 299 370        
   6 258 328         216 234 375          30 335 363         142 247 342        
 231 293 312          16  31 238         111 348 351           4 213 330        
  48  60 105         171 229 367         248 250 356          55 179 269        
  35 107 122          93 253 340          19 226 286           3  51 291        
  69 164 300          28  83 210         128 133 288         273 349 361        
  50 261 321          91 170 220          66 150 218          79 131 208        
  59  94 218          19 109 153          69 246 378         157 193 264        
  12  34 251         276 304 351         214 221 293          33 123 224        
  38  86 348          65  80 221          54 249 362          60 127 378        
 177 202 358         119 151 194         145 181 237          32 243 296        
  31  44 232         122 259 286           2  17  28          26  63 316        
 123 317 340          54  61  92         211 265 289          49 162 199        
 192 199 207          77 240 377         109 117 165         140 270 314        
 143 337 347          13  71 383          35 142 143           2 117 263        
  51 208 329          12 168 203         168 184 336         111 177 192        
  21  58 299          68  87 271         233 274 352          47  95 339        
  17  80 334         161 189 331          26 177 254         182 312 353        
 205 276 279         167 228 332           1 141 281          35 214 297        
 100 190 310         219 287 356         167 207 264          16  37 347        
 112 138 149          21 146 308          20 243 302         163 278 335        
  15 117 248          73 111 247         203 224 299          52 106 289        
  54 172 228         138 157 303         116 190 228           8  45 228        
   8  24  29          85 156 195          32  64 120          44  67 240        
  78  91 280         270 322 324         110 229 276         181 231 367        
 253 294 375         149 274 381          59  65 216          20  94 109        
 151 282 330         243 278 352          99 147 346         122 203 280        
 209 262 368          35 310 339          34 124 347         102 168 211        
 144 332 336           0 125 162          60  87 135         141 200 245        
  72 194 341         124 175 188          46  88 205          88  99 333        
 159 335 356          49 265 361          82 185 312         158 241 366        
  63 145 322          47  74 116          83 126 298         146 175 344        
 333 359 366           4 105 260         182 213 278         124 255 332        
 263 316 320          34 180 366         285 355 381           7 262 275        
 136 146 301          26 117 169          21  86 196          75 242 277        
   0 148 170          27 213 236         144 270 320          10  93 317        
 108 266 318          95 222 379          89 318 324           6 226 321        
  46 157 223         137 197 328          98 327 333         221 358 372        
  90 186 197          29  82 365          16 123 200          12  41 133        
  16 162 278          79 335 364          74  96 158         159 186 369        
  97 132 383          99 225 348         325 330 358          66 134 171        
  40 165 339         142 227 343           0 153 259          76 288 324        
 139 191 236          70  84 114         257 291 301          53 267 331        
 171 259 297          57  88 218          61 114 219         161 184 234        
 104 110 166         123 164 268         112 125 383          56 137 326        
  98 198 241          56 233 239         108 275 303         292 340 352        
  81 221 353          32  41 334         166 329 373         249 286 304        
 137 183 249         140 141 212         127 157 186          72 320 329        
  49 298 331         292 293 302          58 132 328          18 380 382        
 212 246 346         155 158 186          10 279 364          73 129 155        
  39  88 142         211 291 297         137 269 349          13  54  90        
 130 200 222          48 173 296          31  40 169          43 250 350        
  18 147 153          81 106 288         138 198 209          87 307 327        
  57  89 111          42 182 185          84 232 272         164 236 346        
  25 189 240          75  89 258         134 163 262         190 198 323        
  43 195 247         115 242 248          85 148 374         209 256 268        
 119 273 343         187 235 353          15 102 220          14  17  46        

 100 207 319         139 176 277         233 255 271         207 334 383        
  56  61 265          89 262 270         216 222 360           2  29 118        
 151 163 346          62  74 373          58 106 133         105 262 336        
  15  69 159         231 294 311           9 175 210         120 236 315        
  66  90 165          59  82 205         248 266 294         108 214 299        
  24  75 252          90 166 266         198 212 362         220 278 349        
 137 210 268          12 219 304           2 328 358          23 113 346        
 142 287 366          21 247 336          20 260 331         161 218 273        
  94 222 250          44 305 348          22  74 161         184 186 295        
 153 331 376         124 248 367          86 116 322         170 363 382        
 160 327 352          47 198 370         213 368 371         101 198 292        
 272 283 325         162 208 351         220 221 305           3 197 345        
  57  63 101          34  94 238          93 104 236         135 181 217        
 166 195 378          11 142 313          19 205 306          35 274 318        
 149 170 204           9  87 177         169 277 279           7 291 347        
  83 278 299          88 101 297          41 113 170          18  25 154        
  19 130 344          92 228 308         141 230 323         163 206 313        
   3  28 116         118 213 379          28 119 160         145 312 325        
   4  88 305          46  60 209         231 281 290         210 276 338        
 147 347 363         157 197 246          90 196 338          59  68 102        
  17  45 367          69  75  78         146 256 347          58 164 280        
 196 219 254          61 140 340          55 224 349         200 251 339        
 124 271 380         129 259 328          52 354 370          55  74 263        
  65 262 310          13  49  98         135 258 267          34 112 327        
   8 174 185          32 245 282         249 340 383         110 302 378        
  48 127 179         126 260 362         134 190 223         223 283 316        
  67 180 258          22 180 354         207 312 369         121 160 224        
 104 273 295         172 317 334         309 318 325         165 222 301        
  52 339 353          14  41 110          98 120 139          41 180 266        
  92 111 316         186 301 309          47 180 235         237 245 247        
  36 155 238         133 251 273          94 126 315         150 254 365        
   5 320 330          16 148 356          67  95 333         129 131 151        
  54 202 218          23 218 236         149 259 382         212 253 269        
 107 253 260         115 295 382          96 280 343          52  80 169        
 139 328 333         132 156 222          27 299 344          26  90 329        
  29 156 294           2 184 210         122 345 375          89 195 219        
  41 227 342          33  93 106         264 346 348          45 140 191        
 113 131 228         181 221 320         150 295 376          38  51 233        
  10 133 198           6 144 163           4 151 378          30 175 255        
  20  31 336          83 147 233         186 204 298          64  98 234        
  46 138 332           1  39 307          65 130 334          75 332 356        
  81 117 379         269 271 278          53 103 275         134 277 352        
 162 301 306         261 312 355          61  78 262          36  44  87        
  95 110 280         104 141 321          75 107 147           5  99 144        
  44 239 255          57 253 316          45  76 381         230 287 354        
 235 282 360         178 183 232          39 201 320          37  69 289        
  79  99 237         257 285 299          69 359 367         286 298 377        
 211 214 264          27  81 338         100 167 177          93 123 279        
  11  34 307         143 237 325           1 125 253          27  53  96        
 146 220 251           7 117 287          37  50 117          17  83 174        
 157 324 373         165 272 315         142 265 314         192 284 358        
  78 102 132          85 199 329          54 254 377          24 156 296        
  53 123 297          20 102 203          56  68 105          15 328 362        
  72 256 293         134 302 343          83 244 308          84  85 285        
 121 266 340         100 255 346          91 101 185           1 189 293        
 108 152 355         155 310 361           5 145 307          92 333 361        
 129 243 334          64  72  95          51 137 330          48 166 324        
  38  55 186          63 151 369          63  99 114          31 235 303        
  30 161 274         161 242 268          32  48 154          73 116 297        
  49 194 364          54 258 358           8 353 363          82 310 331        
   6  96 348           4 168 187          44 241 327         226 355 375        
 171 213 300         128 135 225          73 245 257           8 288 366        
 201 226 232         111 154 363         288 319 326          11  61 281        
 158 192 322         185 227 240         108 292 379          66  94 231        
  58  85 290          79 223 318         214 232 269          46 183 282        
  42 212 343         119 137 179           6  64 215          21 205 211        
  16  74 382         123 127 286         199 270 289         126 199 341        
  68 191 302           5 196 376          59 350 364          19 267 340        
 200 206 215          97 229 352          16  35  72          60 141 268        
  97 193 257          71 191 239          79 194 297         125 137 360        
 182 223 341         152 207 230          31 261 296         117 138 369        
 120 141 143         212 279 327         102 123 252         136 242 320        
  93 289 358         145 206 306         179 242 336          67 221 259        
 230 329 381         276 344 377         272 286 321          62 162 335        
 225 291 357          56 170 224         172 243 273          13 193 323        
  76 208 368          36  70 342          77 112 218         142 146 371        
  26 136 321           0  58 347          14  92 339         258 275 342        
   2 169 173         167 252 350          21  30 226          97 167 337        
   1 140 261          18 283 359         211 365 380          65 132 372        
 286 362 374         182 217 226         181 337 357          40  63 179        
 233 234 248          10  42 131         268 316 356           4 326 357        
  13 221 285          30  73 204          15 157 372          79 182 314        
  64 181 383         220 341 383          23 115 251         177 208 239        
  18  43 135          80 293 357         208 219 310         119 311 319        
  40 292 361           8 235 371          26 131 166           9  22 244        
  59 224 317         107 108 291           7  66 313          56 168 374        
  87 167 371          31  45  50          82 148 197         115 216 256        
  39  89 190          25  51  65          29 203 239         171 238 243        
  71 105 216          17 138 365         152 250 332         202 306 308        
  47 188 345          52  53  77          43  81 287         229 249 368        
 184 229 304         296 345 372          25  42 237         152 196 209        
 199 335 370          24  68 193          97 217 301         106 305 373        
  91 128 259         159 195 274          34 127 282          86 188 228        
   0 154 288         265 300 333          40  46 193          95 124 261        
  73 244 263         284 292 366         300 335 341          49 204 270        
  70 148 313          37 202 243         240 274 302          47 232 304        
 115 150 231          28  38 326          12  62 276         111 178 380        
  22 356 372          66  67 122         138 144 200         139 213 359        
  77 176 337          48 215 360          49 156 317         127 130 322        
  62 106 314         201 289 337         129 159 355         143 225 272        
   9 267 326          19 298 353         173 311 352          72 321 367        
  23 125 270          40 200 330          10 110 158         190 257 376        
  86 245 350          15 249 254          60 293 374           6  16 107        
 114 296 309          55 105 378          70 192 227           0  57 379        
  98 178 236         121 332 335         183 189 195          32 344 348        
 298 318 354         114 150 188         118 234 283          71  78 364        
  27 241 349         169 216 319          18  88 136          70 215 317        
 118 177 217         146 214 241         140 162 246          28  43 252        
 269 308 369         112 160 322         168 284 304          10 104 201        
 183 240 246         149 192 263          80 178 291         133 370 381        
  12 281 284         109 113 349          33  38 187          33  81 148        
  33 164 375          86 103 375         164 247 351          91 122 250        
  21 134 311           3  84 324          36 176 329         158 307 309        
  37 189 312         339 374 381          89 128 191          12 153 350        
  14  60 365         116 280 364         324 342 366         114 176 294        
  84 168 205         158 234 275          13 229 263         100 187 248        
 126 144 377         189 250 314         132 225 303         159 227 246        
 109 187 247          76 264 331          71 202 206          14  88 300        
 175 203 276          26  43 323          87 155 373         109 147 240        
  51  82 279         190 194 267         143 163 165          54  76 194        
 119 277 303         136 290 368          84 153 209         155 172 290        
  50 242 315         125 175 303          17  57 184         103 157 241        
 249 275 338          35  99 120         121 174 228          50  77 265        
  32 145 172         130 211 281           3  85 278          39 128 260        
   7 112 359          96 244 288           0  24 285         185 343 353        
  80 103 209         173 174 256         109 124 361         149 330 351        
  25 122 197          91 171 380         111 171 188          20  42 271        
  35 323 351          29 153 164          11 182 238         173 203 264        

 235 294 313          32 163 309          19 117 125           7 107 202        
  58  91 289          39 146 253          97 108 119          95 241 315        
 134 143 280           8  55 110         115 247 313          64 182 289        
   2 230 237         107 280 382         210 229 372          16 198 239        
  16 248 348          61  95 183         192 202 380         173 199 358        
  10  17 310          50 227 264         124 217 336           9  53 361        
  63 112 144         224 245 330         139 162 349          25 105 137        
  30 186 275         108 298 373           3 132 356         119 214 322        
  22 238 319         144 368 374          21 103 121          29 222 369        
  28  84 228           2 139 348         310 315 346         231 341 373        
  31 189 264          91 255 367          29  89 347         108 129 244        
 127 331 347         261 278 364         232 283 300         278 282 367        
  69  95 188         154 263 378         114 201 278         205 213 303        
  77 159 249         115 121 155           6  75 340          40  52 210        
 183 365 374          69 173 217          60 181 215          45 164 207        
 167 273 314          87  93 299         107 281 371         127 255 304        
 120 184 233         145 201 357          45 173 304         235 236 310        
 147 320 382          75 193 324          14 212 272         215 259 344        
  54 130 324          27 185 200          65 172 205         157 227 229        
  12 210 295          60  80 345          56  78 261         194 249 306        
  34  85 303          13  36 302           2 187 350          96 290 320        
  73 145 250         191 246 353          34 158 374         178 237 336        
  33 221 355          23 157 301          10  71 343          55 184 338        
  45 113 368          17  24  63          64 290 348          11 180 286        
  68 246 343          97 164 282         254 369 383          14  24  35        
  87 119 360         118 260 337         102 175 230         117 223 228        
 176 262 349          31 209 229          55 303 379          10 120 126        
 195 311 322          79 222 358           4 252 335          97 333 380        
 108 114 362         105 176 238         140 153 318         238 298 324        
  46 240 281           0  94 272          31  47  88         135 291 376        
  86 213 366          54 310 356          53 112 180          13  89 242        
 199 328 378           5  16 124          98 244 298          23  66 104        
  96 165 242          25  84 351         127 128 154         197 240 366        
 100 205 247         188 277 311          48  52 294           5 161 364        
  55 136 214           4   6 303          41 163 267           0  38 330        
  83 115 261          44 178 300          84 280 355          77 143 262        
  26 168 208          92 211 377         211 228 364         154 248 281        
  29 232 312         181 244 361           8  74 248         218 319 325        
 276 321 325          73 230 317         199 243 301         268 346 378        
   3 178 339         137 141 194         145 152 287         132 233 329        
  92 150 153           9  90 212         126 170 334         216 251 343        
  60 106 308         207 243 320          90 104 333          46  82 139        
  99 370 383          10 130 331          62 271 320         175 204 253        
  72  81 122         225 235 321           9  91 246          36 219 332        
 157 302 342         170 259 281          23 312 354         144 220 371        
 101 149 279          52 127 166          20 155 189         121 350 382        
  50 224 287          66  77 293          76 190 332         172 181 275        
  70 299 352          68 104 289          50  85 268         196 265 323        
  15 105 340         117 240 323          86 168 237          63 136 232        
 182 200 346         138 296 381         129 134 196          39 101 379        
 133 215 244         252 267 319         151 266 370          67 225 263        
 139 267 337          98 153 205         216 250 274         131 142 147        
  32  57 118         198 247 326         100 314 317          44 212 328        
 125 152 268         234 332 339         148 259 341         106 224 327        
  14 174 364         143 228 350          24 265 324         150 162 296        
 194 241 292         233 333 349         141 193 360         111 113 317        
  40  64  67          72 168 231         203 253 352         110 130 187        
   1 197 335          40 184 250          81 161 330         148 208 340        
  78  80 111          11 101 147          59 131 225         168 247 353        
 202 207 344         265 279 315          26  40 291          65  83 183        
  71 131 266         114 256 343          95 275 309         200 270 285        
 216 218 271         162 274 383          35 295 311           4 221 301        
 155 223 297          34 195 341          33  79 144          93 246 257        
  21 296 307          59  70 103          51 109 328          90 297 368        
 123 196 306          47 287 308         113 120 297          88 169 191        
  89 140 376          48 199 254          69 150 223          47 372 375        
  93 160 356          65  99 219           5 138 270         179 339 360        
 284 301 372         149 215 359         165 177 368          26 123 156        
 104 116 351          21 237 258         160 339 375          22 133 362        
 129 272 359         148 312 372          16 106 361          18 211 293        
  27 170 212         182 216 376          67 182 293         116 261 294        
  23  38 327          43 152 354         219 263 331         128 280 363        
 257 258 277          53 133 172          61 157 245         102 188 314        
  11 132 354          12  33 306          93 220 260          85 125 321        
  59 109 265          67 223 275          57  83 235          30 276 295        
  65 191 192         286 336 369          54 135 226         230 258 279        
  47 270 283         220 257 273          18 191 378          15  32 356        
 124 358 363         270 276 327         130 209 359           6  12  42        
  51 286 361          18 122 214         207 240 284          84 155 300        
  61 177 367          46  78 106         277 305 377         124 176 326        
 103 198 381         226 305 362          49 307 367          50 186 256        
 102 135 151         125 316 329           7  42 258          49 115 318        
  41  43 304          29 344 379          25 111 269          70 118 269        
  44 234 285          14 236 380          17 255 351         299 351 383        
  13 227 245          56 140 334          30 137 156         109 308 337        
  18 332 375         239 295 307         208 323 344         274 312 370        
  49 142 263         202 292 371          77 231 241          51 149 342        
  82 156 204           1 113 363           1  96 292         334 352 377        
 163 225 369          28 100 242          80 234 302          34 349 381        
  35 121 141          76  89 132          44 166 316         209 245 271        
 146 305 380          30 160 271         136 249 276           2  60  86        
  24 353 357         177 251 268         214 222 238          33 170 272        
  94 117 290          57 119 180          68 116 167          72 252 254        
   7  39 222         158 232 294          70 147 186         189 273 309        
   5 300 334         167 206 322          11 118 264          19  71  99        
 187 209 293          58 213 218         123 184 257          28  75 138        
 126 181 345         165 290 360          58 197 357          69 355 374        
  42 226 329         109 262 352          32 233 286         152 266 359        
  48  90 317          45 134 285          43 185 296         159 287 302        
 260 318 333         131 174 203          37  38 308          31 226 316        
  25 338 341         112 161 342         101 221 282           8 122 171        
   6  79 315         248 269 375          12  27  72          59 243 311        
  76 166 193         111 120 370         149 169 198         166 167 345        
  97 259 288          88 128 241         239 289 299          20  56  87        
  75 128 255         151 179 283          46 105 322          58 151 331        
 148 190 256         187 288 318         122 188 200          62  78 112        
  37 162 373         135 156 197         204 326 382           1 103 145        
 138 252 377         136 159 210          73 306 365         217 250 347        
 201 269 350          96 196 208         142 159 288          43 177 264        
   9  62 229         126 175 266         146 183 236         190 206 357        
  20 137 169           7 192 297         110 325 381           3 203 365        
   4 231 251          83 304 314          15  36 171          79  81 283        
 254 278 291          37  74 102          28  94 179         165 193 277        
 110 282 298         116 150 346          66  99 206          48 134 201        
   0  74 211          64 190 249         174 338 366          73 158 185        
 158 239 379          49  51 221         133 224 285          21  27 354        
  66 164 173          82 186 340          22 195 262          41  80  98        
   8 180 220          62 169 328           0  13 164          54 153 174        
  56 161 243          35  86 171         242 319 327          94 195 335        
 107 171 274         291 338 355         218 279 342         114 146 313        
  36 203 316          81 189 284         194 251 321          91  92 348        
 179 236 371          15  71 366         337 362 363          76 141 260        
 172 219 309          41  85 347          82 176 273          37  68 163        
  19 323 336           3  20  26          39  63 353          17 160 192        
 175 326 330         123 129 313          87 345 358          57  74 284        
  52  88 206          38 142 204         213 256 376          61 234 288        
 154 185 253          19  42 335          92 143 373         267 292 307        
  53  98 217          22 325 365         178 227 329         100 140 305        

  79 148 370         203 204 265          56 125 156         176 268 308        
  49  92 181           2  52 363         177 194 260          51 219 245        
  42  57 261         162 224 270          40 238 376          55 290 363        
  21 289 301         118 132 188         200 252 292         267 342 382        
  30 247 297         174 222 282          94 241 362          42  79 365        
  22 163 229         183 185 273         104 167 319         141 161 183        
  11 133 299         121 186 314         117 135 268         157 313 337        
 129 187 260          16  89 139          79 232 327         115 146 366        
 284 318 323         272 329 370          67 110 195         104 235 378        
  26 128 269         155 168 316         228 306 379          39 262 325        
  65 324 371         109 154 226          39 148 334         131 148 222        
  31  85 288         302 307 374           5  83 312          81  87 184        
 185 315 357          12 197 369          64 191 358          71 130 306        
 157 239 267         214 260 295          99 221 294          25 155 226        
 112 116 204          54 235 355         145 299 339           1 128 252        
  15 175 363          64 158 339          34 308 340         189 196 329        
 136 277 333         115 143 189         198 249 263           3 190 367        
 113 274 309          68  88 267          14  55 293         181 256 355        
 120 305 325         101 274 290          15 314 316          37 223 303        
   3 287 306         180 242 301         133 248 322          84 254 297        
  18 213 374           4  11  49         108 140 160          96 198 277        
   5 100 228         146 325 354         151 226 315          65 167 180        
  61  94 108          84 102 269         171 290 347         111 338 356        
   6   8 268         116 361 377         101 208 373          69  94 266        
  88 149 230          20  29  66          72  82 272          22 113 232        
 214 328 335          82 220 225          41  47 289          14  38  56        
  17  43 225          94 177 221          59  73 284         100 120 179        
  62 152 380         219 257 362         109 134 233          28  32 107        
 115 117 373          60  91 194         100 309 367          76 197 283        
  74 203 290         103 251 276          92 157 189          26 102 349        
   4 106 369          40 106 275           9 119 279         123 259 263        
  69 208 278          65 163 366          18 242 311           8  53 370        
  93 167 224          93 126 304           6 202 287          34 221 280        
  87 127 343          22 288 350          11  36 236          30 210 239        
 137 173 196         212 231 332          22 173 176          16 125 344        
 131 132 241          50  59 372         130 142 383         137 206 281        
 119 217 351          38 201 258          69 123 161          59 314 374        
  37 146 378         266 313 368         186 338 381          40 205 253        
   1 245 250          42 198 246          33 102 126         213 237 264        
 212 265 322          31  92 166         219 258 341          54 278 357        
 293 355 383          48  67  78         220 244 343         188 287 359        
  41 215 255         263 308 326          37 296 337          17  41 330        
  96 124 327          63 125 239          19 227 282          62 177 302        
  47 166 244         140 252 253         115 254 356          88 292 351        
  34  80 171           7 216 356         105 222 363         122 152 208        
 206 243 362          73  83  90          30  74 162           2 103 227        
   7  82 122          80 205 351          32 207 217         271 324 331        
 226 231 382         104 191 277         103 210 302         127 215 293        
  39 205 361           0  10 227          28 211 240          73 169 383        
 162 207 347         129 230 311          38 132 179         220 309 360        
  38  83 296          25 167 306           7 225 365         289 341 346        
 105 232 270          98 142 285          21 152 278          29  64 150        
  90 292 372          26  75 134           2 122 377         194 204 335        
 102 110 183          69 148 286          12 329 345         160 163 380        
 134 144 266         213 292 336          68 154 197          82  97 101        
  70  89 164          95 199 340         137 229 359         133 145 373        
 161 356 366         259 310 373          89 174 230          98 117 149        
 238 249 312          30 113 360         183 184 206          67 129 377        
  58 329 338          45  97 159          43 291 375          46 118 191        
  95 151 248         119 207 371           3 192 326         211 249 301        
  60  67 145          79  85 382          53 114 243          61 116 247        
  98 294 316          46  71 359          78 141 288         143 153 230        
 302 377 379           5  28 256          49 253 369         317 319 369        
  71  73 334          62 343 345          61 269 331         300 372 381        
   2 191 336          81 176 211         172 215 368           6 195 276        
 169 253 360         108 192 237          23 212 348          12 225 315        
 218 272 365         193 254 364          75 144 213         203 243 250        
  36 125 279          77 153 300          20  97 382          24 246 364        
 126 227 252         241 262 297         111 209 264         154 173 348        
  10 111 193         133 165 348          57 136 175          92 255 305        
 101 109 139         151 238 358          85 251 355          85 323 358        
 178 254 349           6 261 338          17 270 301          74 144 350        
 118 121 313           9 184 323          60 182 266         214 216 296        
  40 192 242         149 234 255         107 128 180         294 326 379        
 150 221 319         187 271 298          29 147 247         105 168 234        
  23  77 375          27  58 215          46  93 164           9  45  83        
 194 368 376         117 284 333         106 201 285          33 172 339        
  51 155 345          35 178 335          88 168 204           0 304 327        
 176 330 354          47 124 245         138 224 353         288 353 361        
  50 179 350          23 120 378          13 139 346          47 134 312        
 240 251 275         179 294 328         121 274 317         106 299 307        
  72 237 358         128 173 190         155 163 336         136 164 218        
  44 223 332         130 170 303          45  70 259         199 273 333        
  59 271 337         195 210 331          54  84 366          43 156 275        
  29 103 341         127 240 381          10 218 255           4 298 334        
 147 188 246         141 144 283         310 324 352         147 362 376        
 262 308 311          56 206 264          26  51 116          23  48 185        
  78 140 210          96 111 228         166 354 364          52  90  91        
 177 198 219         172 233 347          50 149 276          95 140 182        
  27  54 285          13 150 324         118 325 349          15 291 345        
  16  28 216         161 229 319          42  86 214          80 135 316        
  14  25 114         171 223 247          25 165 273          19  86 251        
 158 263 367          53 107 379         170 237 256         241 318 328        
  75 314 381          39  51 169          76  80 281          70 119 166        
 130 141 233          37 208 342          44 313 378          44 158 368        
  48  56 256          34  61 330          31 295 380         110 332 343        
  68  86 281           3 236 249         267 283 361          66 272 285        
 142 264 364         278 327 344         190 245 333           7  36  58        
 211 304 331          72 123 305         199 203 344         175 178 224        
  97 104 303          19 322 365          95 127 223          18  63 200        
 156 282 339          14 160 232         193 239 371         162 171 284        
  76 174 200          57 122 349          81 277 323          27 139 186        
  81  84 160         114 353 376           1 205 275         112 282 310        
 273 298 344          24  41 181          91 120 235          31 138 202        
 197 220 307          17 202 280          35  87 150          60 108 142        
  35 259 348          99 157 287         231 261 374          10  21 165        
  55 340 353         175 200 250          58  90 181         212 274 311        
   9  46 295         209 309 317         112 250 262          93 248 321        
  33 184 283          55 196 248         113 304 350           5 193 236        
 189 222 257          44 217 299          48 187 188         159 258 336        
 135 342 359         147 182 296         124 257 305          99 109 238        
  19  32 123           1 152 218          96 159 216          13 231 270        
 190 276 300          43 131 346          71 153 321         121 261 320        
  63 143 317         110 138 318          66 131 297          11 269 279        
 195 202 310          15  18 312           0 303 318         132 347 352        
  24 182 291         145 243 268           4   8 246          78 124 265        
 170 180 326         136 244 352          24  62 351          77 187 340        
  12 107 235         320 380 383          52 328 332          75 322 354        
  13 159 199          70 100 281         169 280 357         240 244 375        
  53 258 286          36 321 334         300 330 370          20 170 286        
 138 153 320           8 289 375          27 196 298         126 151 257        
   0 234 346          76 337 341         146 234 372          50 233 295        
  66  91 236          21 105 279          77 307 342          35 229 260        
  45 168 321          33  87 315          65 129 185          57 217 228        
  52  64 186         112 135 293          16 178 265          68 174 209        
 165 209 280          32 156 291          63 286 320          89 114 371        
  99 154 172         137 164 357          98 143 360          72 207 242        
  20 201 352          74  86 367         158 271 335          49 192 201        

  80 114 380          34 179 217         146 160 237           5 209 342        
  13  95 154         106 107 306          81  95 186         131 187 263        
  10 210 330         122 131 310          38  61 189         147 178 234        
 120 346 362          63 213 318          83 193 217         313 354 357        
 166 184 383          21 111 252         342 351 368         108 253 324        
  45 349 376          79 303 372          54  63 244          86 226 257        
  47 266 285         236 329 341          92  96 249         177 201 295        
 250 280 360          86 147 354         271 282 372          59  77 346        
 252 295 354         152 198 290          26 203 364          80  93 338        
 115 314 333         133 262 355          99 118 171          61  81 163        
  30 119 315         108 248 345         103 197 308          76 149 286        
  99 342 374          70 261 292          33  84 299          56 347 360        
   0 351 361          39  98 171         162 219 232         152 302 330        
  51 235 357           9 287 331         113 127 198          24 142 160        
 151 180 281         139 344 375           8  49 143          54 151 236        
 108 150 325         187 192 352         239 256 341          30 350 373        
  53 326 343          68 231 238         121 230 307         106 244 348        
  57 248 334          24 176 229          41  74 208          28 159 291        
 228 254 323          32  46  92           3  40  75         111 118 216        
  62 109 379          76 299 363          70 223 345         210 300 374        
  71 185 208          72 295 342         128 145 331          52 250 281        
  78 215 217         112 226 283         195 251 318          14 146 306        
  23  96 372          54  73 327          59 161 382           2 242 252        
 260 267 309         250 300 364         196 236 367         267 297 381        
 147 175 195         115 255 289         191 213 326          18 246 361        
 272 301 302          55 119 128          77 222 365         144 303 319        
  97 294 368         205 210 249          86 277 312          96 126 333        
 138 310 358         125 202 370          78 100 153          62 170 353        
   2  12 158          69 140 381          88 182 354          94 229 299        
 181 234 364          80 190 374         187 262 330          46 132 194        
   6 199 264          29  65 166         102 310 333         114 143 359        
 172 241 336          14  43 259         112 115 309         121 287 289        
  27 239 319         104 109 142         104 108 339          70 190 200        
 171 320 377         159 228 316          85 169 301          51 100 382        
 127 207 279         161 224 336         122 221 281         124 155 315        
   3 233 256         134 260 291         101 248 374          50  67 241        
  59 278 305          88 220 265         179 188 285          15 186 191        
  49  83 350         102 199 285          67 346 379          26 105 110        
  40  55 204          91 207 209          65  94 302         232 318 367        
  29 169 246         153 155 211         133 170 210         120 265 343        
 112 206 216          23 334 373          35 181 303         214 371 379        
   8 205 293           7  22  99         206 304 366          55 166 271        
 201 253 259          85 103 333         156 287 324          90 273 363        
  86 327 359          53 175 337          60 157 357         148 247 337        
  52 282 308          56 138 286          19 172 261         215 266 292        
 101 223 328          44 120 279         247 322 361          42  44 280        
  84 230 347          42  61 162          36 185 356          20  99 262        
  90 105 183          41 193 358          13  37 212          91 127 326        
 211 247 369         271 284 348         266 272 334         206 211 314        
  75 268 311          17 129 326         139 192 269          29 254 272        
  69  79 191         158 297 302         142 228 300          43  47 202        
  98 194 290         186 276 311         137 233 297          73 173 220        
 113 212 300          36  50 322          20  24 377         179 185 203        
  36  43 179          60  89 154         154 202 290         293 308 336        
 104 133 297         126 222 245          80 109 359         129 181 199        
  35  85 177         197 216 294         120 216 328         104 219 243        
  87 116 117          28  74 148           4  21 375         107 284 294        
  73 153 214         170 195 360         138 218 315         125 274 380        
 103 231 284         168 177 272         194 298 327          45 139 275        
 307 365 366          97 263 357          97 270 362          17  97 207        
   7 155 378         182 257 378         176 183 260           3 261 325        
 129 352 367         141 225 367          29 152 241          19  38 240        
 218 321 340          95 369 380          55 235 268           7 119 130        
 182 335 381         181 235 254          15 190 273          22 233 340        
   9  15 224          38 137 273          44 180 296          95 227 255        
  14 156 363          59 157 270          11  31  42          40  83 311        
 148 255 331          27 321 343           5  17 323          32 239 249        
  44  89 200          30  77 110         173 175 279         260 310 332        
  20  67  93           5  64 247          87 136 370          88 192 217        
  32  33  76         221 233 264         141 165 355         123 182 301        
  37 100 209          10  35 191           7 245 380         112 223 317        
  64 149 236          25  49 339          62 275 376         153 334 345        
  38 131 313         121 305 351          34 105 276         117 230 322        
   5 263 353          12  96 167         119 224 267          41 138 351        
 102 142 225          57 185 275          57 314 347          21 198 369        
  21  42 128         223 335 379           9  18  28          31  68  84        
  41 168 173         144 178 214          27 174 352          36  98 164        
 242 299 348           1 156 359          69  72  98           0  25 204        
 197 226 318         234 244 368          90 257 283          23 213 245        
  94 139 189          15 203 349         149 177 305          33 258 331        
  66 275 345          84  87 353           1 201 254          11 197 341        
  28  46 258         173 183 324          73 114 126         134 225 256        
 125 141 289         150 160 196         124 168 286          65 195 283        
  18 202 238           0 172 298          82 125 358          48 162 377        
 161 213 265          26  62 243          64 211 320         109 145 329        
 196 261 286         169 340 362          68  76 350           6 251 279        
 126 137 167          40 267 274          71 150 227           4  78  87        
 135 176 304         277 309 313          14  45 178         116 208 237        
  82 159 262         174 315 361          58 265 363         167 277 370        
   1  48 344          18  66 350          50 280 291          64 141 364        
  19 107 324         215 268 338          79 140 167          82 157 174        
  58 222 316          78 200 365          93 204 316          13 268 305        
  77 193 220         105 146 346         155 214 337          16  58 176        
  68  72 287         164 239 382          47 159 184         183 309 344        
 110 160 243          16  20 117          25 144 209         238 270 307        
  25 121 291           2  31 201          12 151 344          34  49 375        
 165 174 337         149 184 258          48 107 242           8 356 365        
  61 145 271          11 145 301         111 135 163         156 235 278        
 122 187 273           8  13  19         130 134 348         259 276 366        
  26  88 178         127 241 288         200 207 255           9 128 193        
  31 132 237         163 281 314          66 116 340           1 316 352        
  22  56 227          75 123 376         106 148 381         168 218 355        
 106 339 355         189 328 347          10  52 231          60 285 358        
  54 143 338          33  67 132          23  91 311          71 103 171        
  11 240 306         204 246 282          89 278 292          66  69 282        
  60 111 198         308 330 356         243 335 353          89 312 349        
 130 249 375           6  47 371          46 238 252          12 137 205        
  34  39 203         135 219 280         205 250 289         158 172 248        
 283 292 312         232 296 319          22  30 132          85 115 269        
  91 274 322         227 278 320           0 199 332         188 221 288        
   4 164 192          83 118 136         131 264 321         184 231 327        
 134 157 257          58 116 325           2 164 313          79 101 165        
 163 219 382         165 317 366         234 259 306          63  92 321        
  24 245 317          93 130 312          32 263 336          10  53 140        
 144 232 341          45 332 377         284 325 369          37 133 228        
  65 118 332          51 113 323          51  53 226         135 136 169        
  17 162 190         253 293 304         288 343 373         222 320 339        
  63 296 371          90 194 240         166 229 294         154 161 298        
 136 186 288         100 101 143         117 349 378          75 290 304        
  74 146 269         237 266 383          43 293 360          35 196 372        
  16 276 277           3 180 188         147 258 319         323 328 368        
 123 140 356          71  81 256         123 158 246          72 175 264        
 170 244 370          94 212 307           6 274 329          57 150 378        
 221 251 270         114 124 251         110 220 253          74 122 362        
  81 152 329           4 218 269          16  56 317         102 180 212        
  70 188 298          48  82 208         215 225 371          27 224 296        
  92 124 303          52 151 242         129 240 295         113 335 383        
  50 229 373          37 206 230          39 338 383          39 189 376        

 185 189 265         118 174 198          76 269 316         102 155 350        
 253 263 272          31  78 136         175 206 343         171 221 278        
  64 231 280         151 247 324         111 215 298         107 183 325        
  39  83 351         102 307 319          17  59 292         146 212 318        
   3 136 195          96 215 364         192 251 309          84 111 138        
 180 186 319          17  85 208         187 223 311          46  73 341        
   4 123 325         108 144 361         254 289 307          18  20 164        
  48 132 230          59 171 343         138 183 208          29 128 359        
  68 144 301         188 331 352         157 159 314          96 340 358        
 198 216 352          30 107 164         122 163 256          80 245 298        
  59 219 255           8  14 172         219 228 349          56 314 356        
  32  69 317         193 285 378         275 276 339           4 283 290        
 176 237 295          33 110 366          38 310 321         116 189 330        
  53  58 153         225 329 382          88 341 353         206 323 373        
  54  65 134         112 253 270          29 362 381          93 249 367        
  13 110 382           6 183 207           5  57 125          55  90 255        
 155 322 363          79 268 381          43 136 188          31 131 368        
   5 151 371         123 276 316          78 118 150          76 133 375        
 117 188 343         127 266 312          47 113 200         119 246 299        
 118 147 220         119 330 346         128 243 355          25 172 293        
  98 242 296         134 251 286          92 160 280           7 250 371        
  25 187 266         126 294 349          75 224 380         132 139 196        
  46 256 270         122 196 368          73 123 189          40 134 150        
  42 218 337         129 250 292         169 241 285         125 126 129        
  45 274 365          51 147 358         147 174 369          16  66 185        
  10 141 282          35  64 272         201 231 283          11 230 262        
 125 197 377         274 299 345         211 337 345           5 149 295        
  14  75 369          82 173 261          93 181 324         327 370 376        
  63  76 298          11  92 220         198 333 372          32  99 242        
   0 238 345          50  57 105         210 274 379          44 105 252        
  61 111 213         156 245 334         191 225 318         273 307 326        
 101 116 179         187 202 327          14  84 171         165 192 374        
   8  60 137         176 216 303          62 207 305         247 277 321        
  34 157 225          94 146 357          63 100 350          39 202 251        
 250 331 361           9  37 125          12 236 282          35 288 313        
 293 297 376          73  89 256          80 167 330         118 179 257        
 148 149 346         182 280 283          31  86 357         169 213 235        
  77 178 341          19 178 262         179 273 383         154 194 287        
  11 323 327          97 116 135         115 126 325         282 300 332        
  57 211 222          23 130 226         154 196 267         127 210 316        
  82 105 372          36 114 258          90 222 336          41 205 220        
 276 368 375           5 278 369          21  98 288         124 136 167        
 214 281 380         200 241 281          48  71 286         157 195 203        
 127 257 259           4  34 201          34 252 271         198 264 306        
  73 113 261          40 103 335         107 278 363         226 239 320        
  72 260 302         219 305 350         235 265 284          98 130 197        
 160 241 267         120 205 339          28  97 320          60 199 380        
 243 286 344          27 106 317          25 218 296         214 280 309        
 138 239 246          46 186 227         103 158 253         106 268 301        
 103 133 349         143 148 320          60 319 375         215 236 302        
  28 244 275         113 154 211         266 365 371         190 248 347        
  21  29  99         230 341 379          99 193 335         142 180 279        
  40  66 334          80 181 265         297 308 351           1  65 243        
 170 206 271          18 298 365          10  24 258         115 286 346        
  87 357 366          54 213 238         119 300 352         181 219 381        
  24  85 161          28  87 375           6  53 368          37  43 216        
  86 165 299         117 132 342          37 120 259         294 304 357        
  67 248 335         306 311 377           0  66 246         234 269 270        
 131 159 181          22  91 137         117 141 180         208 315 369        
 283 324 353         152 157 234          82 221 332         113 153 289        
 201 300 309          15  84 239           8  46 272         168 259 271        
 167 290 338         124 131 359           2  19 244           8  70 337        
  89 227 360          45  56 255          23  72 306          34  52 317        
  26 207 310          20  48  83         116 133 230          17 123 244        
 233 318 362         175 214 263          16 233 281         177 232 344        
 143 291 304         149 159 313          11 315 370           9  13 260        
 106 163 199          16 282 295         229 261 277          78 204 285        
  91 152 172          39 209 333          27  30  45          49 121 334        
  16 119 313          63 184 197          61 152 238          19 224 297        
 140 154 221          12 257 371          50  74 250          23  88 110        
 171 175 191         192 259 293         134 279 354          77 275 349        
 146 205 209         177 206 328           4 194 264         145 184 362        
  80 203 350          32 232 354         109 293 331         103 151 254        
  38  47 329          44  69 210          22 178 205          26 144 311        
  35 247 294          47 203 351          77 144 356          21  51 101        
 340 347 355          76 161 323          18  83 149          53 156 354        
   6 245 379          52 101 160          33 166 204          61  69 353        
  44  50  79          95 195 336         132 287 374         152 274 366        
  18 166 356         109 271 314          49 299 378          12  71 240        
  92 359 364           3  25 337         151 190 302          68  89 338        
 121 232 264          55 170 189          35 197 209         237 319 352        
 107 129 269          70 264 344           7 164 220          27  82 109        
  74  94 358         217 235 242         170 294 301          64 108 351        
 115 130 183          43 150 297          96 143 263          22 272 343        
  15  20 200         180 290 372          41  51 202          59  83 342        
 164 224 354         167 169 318          13 303 367          45  54  67        
 184 315 321          86 153 236          56  67 382           0 207 336        
   2 126 273         243 367 374          26 242 376          15 161 281        
   9 226 249          66 204 301         114 140 165          50 120 345        
 193 316 326          65 254 315         127 212 323          79 163 266        
  55  95 114         231 252 363          65  89 329          30 267 322        
  78 348 383          60 287 373           3  32 295          95 296 355        
 168 277 292         191 296 370          87 130 216         140 312 339        
  70 162 228         140 273 355          39 124 346         158 303 363        
  22 174 373          68 249 360         102 105 121          62 222 310        
  30 100 342           2 155 194          36  40 182          36 211 383        
 202 284 307          41  88 115           1 112 348          87 137 187        
 109 173 332          53 348 380         139 153 327           3 114 166        
 204 215 367          24 166 308         146 186 334           6 238 241        
  31 124 289           1 100 326          70 255 260         112 170 335        
 279 303 314         158 228 338          55 131 342          85 223 261        
  37  84 128          10  90 302         104 203 245         148 217 218        
  17  88 120          93  99 128         155 358 364          28  81 263        
 145 336 378          21 104 185         184 249 359         117 291 331        
 208 236 268          29  98 224         162 172 239          47 228 233        
  93 139 156          58 141 309         148 199 262          58 160 201        
  33  71 234         240 322 362         173 195 312          42  92 225        
 104 210 212          38 165 304           9  52 290          86 173 186        
   7 223 235          42 291 383          81 328 360          97 178 348        
  19 192 196           0 222 244          64 145 168         122 141 191        
 177 311 339          13  26 353         137 142 177          38  94 372        
  12  90 150          67 277 284         129 226 270         182 188 292        
 158 217 254          62  71 279         101 176 313         100 135 227        
  36 252 306          61 139 325         213 268 377          72 174 378        
  52  81 285          72 199 356          58 317 326          10  63 360        
  97 240 330         223 260 269         161 232 248          48 231 258        
 122 194 312         133 212 221         110 237 338          91 284 324        
 135 287 381          75 229 289          15 217 257         308 329 365        
 102 108 320          77 179 310          79 291 366          14 200 276        
  51 112 190         233 246 321          91 106 240         209 328 361        
  96 169 370         121 237 376          69 304 340          74 147 364        
  49 229 305           7 288 300          44  85 185         159 229 256        
  23 142 182         142 168 347         135 234 361          33 104 253        
 278 288 328         163 248 275          54  95 247         176 265 377        
  56 258 308          81 218 267          42 227 347           2 175 382        
   1  43 333         111 190 340          94 322 373          75 162 379        
  27 251 262          49  74 138          20 108 344          24 143 333        
  41  62 374         145 162 332          68 156 214          57 193 305        

  11  78 314         171 190 234          26 170 176          58  82 180        
  59 283 354          42  99 127          77 104 123          35 184 202        
 229 301 338         105 243 247         179 228 284          79 161 206        
  84 270 348         186 239 283         114 223 268          68  69 224        
 148 299 300         136 176 206         135 171 353         112 200 263        
  41  87 294          29 295 353          29  71  87           4 154 319        
 202 282 351         140 325 379          41 232 247         114 182 279        
  38 104 366           6  35 130          55 167 199          10  41 362        
 260 341 342          62 319 383          83 245 263          49 119 290        
  95 326 373         217 224 284          36 202 221         168 181 349        
 137 252 307          93 194 228          66 305 330          40 157 207        
  39 197 228           1  15 318         101 188 278           9 126 378        
 180 217 325         115 161 193          13 266 304          46 162 371        
 182 254 255          38 212 226         105 191 241          66 199 222        
 109 178 295          64 227 271          10 283 366          23  73 148        
 102 176 253         292 365 375          44  49 182         145 251 296        
  68 183 335          75 122 274         106 253 364          51  96 163        
  29 211 223         308 320 341          51 154 299         234 297 344        
 156 165 248          56 134 289          95 117 276          53 231 259        
 125 277 361          55 306 371         203 246 307          50 247 302        
 267 346 364         185 299 335         140 219 329          78 160 185        
 124 210 369          50 285 329          24  72 309          67 174 308        
   2  54 298         124 132 339         153 265 298           3  45 354        
 302 324 357          24 287 314           1 225 324          65 311 358        
  20  82 235          32 162 216           7 165 335          18  19 325        
 130 181 293          53 177 191         189 332 371         260 274 298        
  46  55 274          72 288 298          16 363 377         116 211 267        
 175 194 285          59 145 254          92 231 331         129 166 317        
 171 286 323          84 252 290          61  63 160         141 254 361        
  21 100 163          81 118 378         125 374 378          52 217 286        
 284 287 352          40  71 370          96 192 367         117 277 301        
  12  53  74          87 279 326         144 255 296          37 198 252        
 186 242 262         197 253 300         220 235 240           5 104 216        
 147 166 343          45  96 352          64  81 197         133 223 280        
 200 337 383         241 296 324         264 290 312          16 214 315        
  89  91 257          23 255 307          32 293 350          32  55 368        
  40 164 353          36 111 282         100 222 345         173 283 373        
 112 303 321         189 262 267          98 110 174          43 140 220        
  72 151 316          39 199 242           4 141 358          48  62 250        
 191 309 331          60 168 310         120 155 288          12 232 336        
  49 145 310          12  14 343         149 150 383         142 179 330        
  97 312 322         107 204 205         130 215 354           0 136 300        
 153 275 375         230 263 305         205 229 239          20 192 268        
  80 172 230         175 323 334          78 166 338         110 121 321        
 134 174 317         112 172 249         136 162 248         125 261 293        
  28  96 279           4 272 366          57 108 370          70 191 265        
 162 318 327          28  69 350         126 168 178          74 132 353        
  71 193 372          21 106 209         134 271 292          36 127 333        
 234 238 381           2 147 238         269 320 359         246 318 338        
  26 119 195          33 133 358         186 259 280          13 291 341        
  42 150 273          91 123 381           3  46 200         137 193 213        
  10 243 264          83 215 355         214 226 272          27 155 287        
 173 245 290          95 321 346         111 206 308          15  29 109        
   4  13  44          19 221 327           2 315 355          92 171 205        
  73 184 240          10 108 200         152 190 260          47  89 236        
  47 152 170          46 144 201          11  47 346          25 178 249        
  18 268 334          73 164 291         217 289 327          17 128 369        
  83 225 320         101 119 344         128 138 227          99 266 316        
 161 358 380          13 195 265         286 313 314          31 233 245        
  24 108 368          52  67 345         277 281 382          59  81 130        
 265 281 356         116 188 372          17  60 340          83 212 271        
 246 256 370          37  61 153          33  97 137         197 258 329        
  22  34  65         223 315 368           0  59 339         103 255 365        
   6 212 244         150 210 277         127 310 379          75  87 382        
  88 221 345         141 213 332          21 254 357          42 153 187        
  51  86 377          11 278 312           9 172 311          77 289 348        
  70 233 306          58 178 196         274 319 343         304 337 377        
 155 192 239          27 270 273         209 211 344          80 158 270        
 106 131 136         180 244 293         212 306 325         111 272 278        
  14 231 247          57 135 264          37 282 322           6  28 312        
  64  77 115          41  86 301         146 159 373         106 195 256        
   1 117 167         146 173 331          34  58 336         228 294 366        
 196 297 332         156 258 304          68 273 318         307 323 345        
  90 198 311         109 237 246         181 208 243         134 273 374        
  15  66 188         117 259 266          31  91 147         196 281 359        
 113 121 146          97 250 336         279 295 375          95 243 313        
   8 259 339         100 174 231         180 256 368          93 101 229        
 139 149 367          20  79 367          86  90 381         124 208 375        
   5 110 218          92 202 342          43 157 258         138 314 328        
  32 219 222         137 203 363          70 287 369          39 295 335        
  37 118 207          78 110 337          67 107 230         120 135 284        
  56 160 371         125 351 369          35 156 356          26 164 226        
  75  98 199          47  68 251         121 196 316         107 172 380        
  17 213 347          94 208 280          23  42 333          98 189 225        
  62 140 205         159 225 294          93 161 362         169 227 331        
 105 272 288           5 222 362          48 237 321         176 355 367        
 204 236 263          22 103 235         102 224 242          71 320 352        
  48 177 291          70 219 373          56  99 184         105 108 190        
  43 158 214         158 245 311          20 337 351         204 339 356        
 216 224 362          66 120 220          76 118 142          76 235 257        
  94 154 187           9  43 155          14  89 250          84 118 201        
  99 329 336          90 113 139          82 249 302         144 306 381        
 114 319 363          31  76 151          62  80 183          44 122 242        
   9  27  79         142 163 260          65 169 193         115 238 310        
  25  30 378          25  44 148          15 131 334          86 218 275        
  35  50 101          16 157 376         109 163 236          34  60 170        
  60 261 359         248 268 330          79 164 301          88  90 262        
  92 278 296           0  63 128          73 112 122          56 221 350        
  31  81 313         181 359 382          53 129 132         131 327 379        
   0  33 189          49 257 275          54 257 328           7 150 159        
  67 142 315          88 170 349         103 234 342          24  94 151        
 208 266 376         104 121 152          45 323 348         177 183 186        
  16 103 258           3 138 211          27  50 177           8 332 347        
  58 269 360          17 317 357           6  84 341           1 342 357        
 143 203 220          30 131 179          52  85 380          54  57 139        
  45 129 141         126 184 256         297 303 317          21  85 244        
  57 128 340          34 187 360         194 294 347          22 203 324        
 157 308 379          89 303 328         115 244 365          64  97 305        
 123 201 209         129 167 286          39  40 372         102 276 343        
 120 232 237         149 166 302         143 218 300           2  61 248        
 133 138 333         281 316 338          75  94 145         100 240 376        
 132 251 305          51 183 192         251 285 360         194 237 269        
  69 250 365           8 160 313          88 116 173          33 230 334        
  76 107 159          85 182 207         148 187 267         253 264 370        
  61 185 206         114 276 348          30 133 207         209 215 363        
   7 280 304          26 218 354          69 216 261          91 285 346        
  93 226 374          54 309 380          22 210 213         156 241 303        
 215 249 382          80 297 340         119 139 201         152 299 340        
 144 190 271          98 102 169         113 233 270          14 123 351        
 168 227 276         143 322 356          19  28 352          63 165 210        
  19  63 355           7 232 361          18 175 291         113 149 175        
 111 116 127          48 165 198         151 326 376          30 188 364        
 122 169 179          77 236 333         195 204 252         309 372 383        
   3  52 241          82 154 377          38 262 361         292 326 360        
 289 349 350          74 229 347          25 124 158          72 239 282        
  36 292 330          65 269 374          74 185 349          38 219 322        
  85 135 328         214 233 364           5  12 198          11 143 288        
  23 126 344          18 240 261           8 238 275         146 147 167        

 216 229 265         152 242 264         114 128 185          73 139 353        
  79 154 308         147 225 372          30  35 382         107 117 318        
 148 311 332          91 117 193         152 277 356          42  54 332        
  10 297 307         141 302 381           4 244 342         173 205 319        
  29  60 113          21 172 351         202 314 360         101 253 276        
  16  36 366          24  38 130         102 268 271          48  87 322        
 226 262 309         108 109 334         175 221 228         102 191 262        
 120 176 240          30  90 345         239 252 316         128 223 277        
 131 193 232          12  88 163          51 302 313         260 306 312        
 114 351 382          28 201 235          66  97 172          28  59 248        
  58 285 286           6 143 307           7  91 370          98 270 305        
 184 188 363          16  81 213         151 184 300          29 167 182        
  88 278 317         110 136 263         265 328 346          36  97 110        
  13  28 180           5 154 350           0  56 188          18 188 302        
  99 234 378          52 167 352          32 133 236          25  96 235        
  53 211 336          74 173 231          81 108 279          99 156 164        
  67 105 287         146 268 321          34 247 258         180 184 346        
  35 112 227         230 349 359          36  68 192          11  81 194        
  70 207 340          31 374 376          42  76 120         136 317 330        
  87 173 303          44  63 119          28 204 231          69 176 202        
 199 290 296          23 215 250          14 246 330         271 294 370        
 127 271 321         114 169 288          64 103 373         256 289 290        
  15 263 267          53 100 353         187 280 347          27  65  90        
 190 294 335          27 157 182         160 214 341          35 189 211        
 223 276 302         155 164 360         150 220 375         208 216 267        
  11  96 170         120 131 200         169 190 274          51 150 178        
  57 295 319          80 166 197         213 230 364           2 261 310        
   8 106 218         122 165 180         206 210 307         140 147 279        
  48  61 147          43 175 277         139 273 335          58 100 323        
  34  78 369         140 144 369          72 121 255         335 359 361        
 126 288 314          82 203 328          75 157 295         141 331 379        
  94 228 281         107 174 255         130 173 223          43 171 269        
  22  47 348          92 289 336         168 171 309         210 284 355        
  30 224 280          56  83 236          54 111 155         214 334 354        
 158 200 333          40 196 212         165 296 297          34 204 311        
  26 142 373          65 160 312         211 234 350         161 207 286        
  95 210 272         204 220 342           1  21 129          63 135 336        
 110 118 137         282 283 358          17  67 286          17 185 309        
  23  24  86          36 335 338           2 104 264          31  49 213        
   2 258 343          11 214 256         235 299 349          71 168 325        
  12 121 379          97 123 361         147 291 305         142 196 272        
   0  54 123          50  54 260          11  60 163          16 283 368        
  20 144 177          22 184 285          98 306 320          53  93 203        
 116 251 260         139 188 198         315 333 340          88 295 314        
 138 242 344          35 186 354         124 182 304         170 307 329        
  38  72 354         115 278 322         209 288 339         160 264 326        
  45  69 157         101 202 333          38 199 208          74 222 321        
   1 230 365         245 251 281         131 144 189         113 241 341        
  76 201 202           9 274 306          33 363 365          70 297 377        
  92 235 345         116 118 296          57  58 166           5 108 348        
  91 136 140         149 207 218         283 303 355         118 163 169        
 150 275 306          42 344 378          86 176 201          13 236 281        
 161 208 259          98 219 272          83  85 366         153 316 337        
  42 108 175         208 238 380          79 117 174          91 258 362        
 217 249 371         177 319 329         122 322 381         158 238 369        
 289 305 316         145 178 314         191 243 319          84  86 274        
  39 163 244         138 244 295          70  90 312          15  72 244        
  14 119 206          58 194 270          25  92 281          85 313 367        
 160 246 367         158 291 346         203 310 345          64 230 293        
  37 215 325          69 364 379         107 275 361         129 179 365        
   7   9 364           1  60  94          23 266 276           9 192 221        
  59 185 238          68 185 199         226 289 317           0  21 166        
  98 159 204          62 126 347          49  99 256          45 263 268        
  73 241 380         113 133 181         143 229 241           6 291 324        
  62 102 129         148 325 326         141 327 348         114 121 245        
  43 376 381          72 153 221          29 278 321         217 304 383        
 166 304 372         266 275 293          78 257 324         148 172 265        
  77 109 324          41 246 303         119 251 301          78  79 259        
   3  82 383          15 297 382          22 270 326           7  52 104        
 182 219 347         243 257 368         159 162 282         187 228 255        
  89 122 254          61  85 377          69 156 332          55  80 343        
  63 313 356          51 106 132          10 260 329         134 183 199        
 128 291 337          70 159 330         197 262 367          50 246 300        
  18  68 257          89 104 363          40  80 100           1  33 249        
  51  93 179          75 287 292          77 127 225          20 149 250        
  32 165 284          99 195 284          48 249 292         174 177 273        
  21 328 352          17  48 375         146 216 272         111 299 327        
 194 198 358          76 192 240         136 179 344          60 159 212        
 103 155 167          46 124 273          31 250 253         239 280 356        
  25  64 100         234 249 262         158 331 378          24 374 375        
  71  90 353          57 191 224          44  62 113         106 333 351        
 214 273 323         223 229 371         161 233 372          61 122 226        
 152 237 377         121 151 269          18 123 137          19  26 320        
  33 151 329           7 299 317          63  87 154           3 120 193        
 107 250 355           0 265 301         218 232 376          92 125 242        
 189 213 334          13 171 189         183 354 377          82 155 200        
  84 292 370          10  84 339         164 318 371         124 133 372        
 115 186 192         137 150 279          39  84 284         219 224 360        
 209 298 300          26 318 383         118 222 338         116 181 225        
  50 183 205           4 209 210          71  96 293          94 105 303        
 187 220 243          47 327 356         110 311 369         115 137 345        
  85 256 375          25 241 300           9  73 167          39  62 186        
  83 145 374           8 170 183          37  52 298         215 232 315        
  17 196 318          66 228 357          59 101 138         126 275 328        
  65 239 330         232 267 276         126 135 153           4 112 285        
 253 301 327         135 211 254         140 148 186          32 251 358        
  97 212 350          87 253 310         105 109 177         231 352 380        
   6 146 231         128 313 316          45  55 351          77 201 298        
 195 315 362          34 134 373         181 261 323         247 292 381        
  46  74 310          71 125 311          27 112 207         233 301 308        
  31 247 255          67 216 324         263 379 380          83 119 240        
  27  56 357          45 290 305          82 149 337         103 152 296        
 117 221 225          33  64 261           3  19 170          66 366 371        
 153 222 361          59 227 280          20  46 116         206 218 234        
 111 293 339          32 179 323         134 217 358         339 340 376        
  40 139 342          37  55  73          47  65 194         157 252 278        
  81 203 266          93 142 252          43 215 352          10 229 344        
  52  66 322         129 271 341          26 212 368          75 127 197        
   4 236 360          19 239 367         267 269 290          68 132 288        
 172 178 338          78 127 258          88  93 200          41 123 154        
 132 149 168          39 331 362         193 334 353          46  67 237        
 233 268 359          49 355 365         106 237 238          95 350 357        
  55 130 135           2  20 156         178 245 285         109 131 198        
 248 279 368         102 233 259           6  89 224          44 151 227        
 181 245 299          14  86 332          15  41  94         138 243 266        
  44 269 277          79 105 337         145 198 294         165 257 282        
 156 283 331         111 162 343         180 248 383         144 373 382        
  41 104 270         176 205 315           8  16 287           8  12  76        
 282 312 346         187 190 286           5  24 242          37  56 175        
  49 174 320          18 320 348          13  53 362         130 220 347        
 101 124 125         103 237 304          12 132 227          30  47 209        
 252 261 326         226 248 366         336 343 359          22  89 378        
  80 133 134         168 206 222         115 125 240          57 287 342        
  75 143 349           3 298 340          95 254 325          40 143 162        
   5 141 169          77 161 308          61 142 205          38 146 190        
 162 164 197          95 112 294         195 196 374          14  23 145        
 191 264 274          96 217 247          50 219 308         349 363 364        
  19 171 341          29 309 370          74 259 357         195 254 338        
