  2 14 21          6 23 42         10 17 28         25 29 45
  0  4 11         26 33 46         24 26 32          0 15 28
 20 30 32          3 13 21         14 20 25          8  9 31
  5 10 16         24 25 38          9 22 34          1 34 47
 33 38 42         17 29 34          5 19 33          2 43 46
 37 41 46          5  8 43          7 27 43          4 18 19
  8 13 35          9 11 41         11 36 37         14 23 36
 19 27 28          0 18 37          4 15 18         13 37 42
 15 36 45          7 20 28          0 21 29          5 32 38
  7  9 39          2 14 45          8 41 42         12 24 35
 12 18 43         19 30 36         31 38 46         16 33 39
 17 24 40         16 22 44         30 40 44         10 11 21
 25 34 44         12 27 31         13 23 47          7 30 41
 26 29 47         10 35 47          1 16 45          3 27 44
  1  3  6          1 15 40          2  6 12          6 26 40
 22 23 31          4 32 39          3 35 39         17 20 22

 15 21 27         18 20 36         11 14 15         11 23 34
  2  9 10          6 24 30          0 31 43         16 31 32
  7 14 24         11 17 26          2 20 32         10 13 36
  5 11 31         12 34 42          5 18 24          5 40 47
 12 23 39         10 38 44         27 33 41         15 25 33
  0 32 41          0 22 47          1 22 37          9 18 27
 22 33 35         16 23 37          8 12 28         17 30 42
 13 30 34          3  4 41         10 23 40          7 45 46
  6 20 47         29 33 43          6 39 45          3 12 29
 28 37 44         25 27 32         13 25 46         38 39 43
  1  8 29          8 40 45          9 16 30          6 19 44
  4 45 46          2 15 31         29 35 36          2 24 41
 19 40 42          1 39 46         17 21 44          4 21 37
  3 16 43          5  7 19          7 34 47          0 20 35
 18 25 26          9 21 35          3 19 26          8 14 22
 17 36 38         13 14 28          4 38 42          1 26 28

  8 27 36         15 22 41          7 21 33         11 44 47
  4 12 22          7 17 37          0 24 27          0  5 13
  3 30 35          3 25 47         28 32 47          7  8 36
  9 33 44          8 19 38          9 20 37         20 29 31
 37 38 47         21 36 39         18 23 38         15 26 39
  2 11 25         10 18 30          6  8 11          1 21 30
 26 42 43          0  1 23          2 22 42          9 24 28
  1 19 32          6 28 33         13 26 31         18 35 42
 21 23 24         34 35 40         41 44 45         10 22 43
 13 39 41          4 14 26         16 25 35          3 37 45
 16 28 29          5  9 43         15 17 19         19 23 25
  7 10 31         24 31 45          5 12 46         12 14 41
  5  6 17          2 13 16         29 30 39         32 33 34
 18 45 46         11 27 42         14 40 43          2 38 40
  0 14 34         29 32 46          1  4 36          4 16 17
 15 20 40         12 20 44          3 10 34          6 27 46

 10 12 13         10 14 29         23 28 45          5 30 37
  0 39 44         21 41 47          1  7 18          9 14 47
  2 17 23         17 27 35          4 25 31          2  7 29
  6 36 43          5 20 34          2  8 30         16 20 42
  4  8 24         11 16 38         11 19 24         26 35 44
 11 30 33          0  8 26         20 38 41          0 19 46
 21 28 42         32 37 43         13 43 44          6 40 41
 15 46 47         28 39 40         21 34 46         21 32 45
  5 25 41         42 45 46         16 26 27         13 18 33
  3 14 32          3 18 44          5 14 39         17 31 39
 18 22 40          1  2  9          0 33 40         22 27 38
  1 20 27         24 33 36         10 32 42         12 25 36
  9 29 38          4  6 15         12 17 47         10 15 24
 26 34 45         13 19 22          6 22 29          1 11 43
  7 16 35          7 12 23         15 35 37          3  8 23
 19 31 37         25 30 31          3  9 36          4 28 34

  3 31 40         31 35 47          3 15 42         28 30 46
 36 42 47          1 12 33          0  9 17         11 12 45
  6 21 38         27 30 45         19 34 45          9 25 42
  4  5 35          2 34 37         14 35 46         19 43 47
  7 15 32          5 28 36          8 32 44          5 15 44
  8 16 46          8 10 39         21 25 43         24 26 37
  9 12 19         21 22 26         28 31 41          1 35 38
 11 13 20         13 15 38          1 13 24         23 29 41
 17 33 45         24 42 44         12 22 30         17 18 32
 34 41 43         14 17 43          6 10 37          4 13 40
  1 10 25         16 18 41          4 20 33          3  7 22
 22 24 39         20 23 46         16 36 40          0  2 36
 23 26 30          0  3 11          5 23 27          6 16 34
  0 29 44          4 19 29         11 18 29         10 27 39
 14 27 37          6  9 32          7 26 38          8 20 21
  2 18 28          7 25 40          2 39 47         14 31 33

 11 32 40         12 26 37          8 17 25         11 28 35
  4 23 43          8 18 47          1  5 21         12 21 40
  3 28 38          7 11 39          4 30 47         22 32 36
  2 19 35         13 17 32          6 14 18          9 15 23
  8 15 34         31 34 36         26 36 41          8 33 37
 18 21 31         10 23 33         11 22 46         14 30 38
 10 20 26          0 38 45         19 20 39          4  7 44
  1 17 41         16 19 21          9 13 45         13 27 29
  0 12 30          1 14 44         23 32 35          3 17 46
 36 44 46          5 29 42          2  3 33         20 43 45
 14 16 42         22 25 28          0  7 42          0  6 25
  9 24 29          6 35 41         27 34 38         18 34 39
  6  7 13          9 40 46         29 37 40         16 24 47
  5 22 45          2  4 27         24 28 43          2  5 26
 25 37 39          3 20 24         12 15 16         10 19 41
 27 33 47         15 30 43         10 31 44          1 31 42
