t = 96, n = 1312, matrix = optimized_M_96_1312_social_golfer

COMP
	d	Precision	Recall (Sensitivity) 	Specificity	surep	unsurep	false_pos
	1	1.000			1.000		1.000		 1.0	  0.0	    0.0
	2	1.000			1.000		1.000		 2.0	  0.0	    0.0
	3	0.935			1.000		1.000		 3.0	  0.2	    0.2
	4	0.791			1.000		0.999		 3.8	  1.2	    1.1
	5	0.705			1.000		0.998		 4.6	  2.5	    2.1
	6	0.600			1.000		0.997		 4.6	  5.4	    4.0
	7	0.509			1.000		0.995		 4.2	  9.5	    6.8
	8	0.447			1.000		0.992		 3.2	 14.7	    9.9
	9	0.391			1.000		0.989		 2.4	 20.6	   14.0
	10	0.335			1.000		0.985		 1.4	 28.5	   19.9
	11	0.299			1.000		0.980		 0.7	 36.1	   25.8
	12	0.269			1.000		0.975		 0.3	 44.2	   32.5
	13	0.241			1.000		0.968		 0.2	 53.7	   40.9
	14	0.222			1.000		0.962		 0.0	 63.1	   49.2
	15	0.195			1.000		0.952		 0.0	 76.9	   61.9
	20	0.143			1.000		0.907		 0.0	139.7	  119.7
	25	0.113			1.000		0.848		 0.0	220.9	  195.9
	30	0.098			1.000		0.783		 0.0	307.6	  277.6
	35	0.088			1.000		0.717		 0.0	396.9	  361.9
	40	0.080			1.000		0.637		 0.0	501.8	  461.8

t = 93, n = 1426, matrix = optimized_M_93_1426_STS

COMP
	d	Precision	Recall (Sensitivity) 	Specificity	surep	unsurep	false_pos
	1	1.000			1.000		1.000		 1.0	  0.0	    0.0
	2	1.000			1.000		1.000		 2.0	  0.0	    0.0
	3	0.904			1.000		1.000		 3.0	  0.3	    0.3
	4	0.800			1.000		0.999		 3.9	  1.1	    1.0
	5	0.666			1.000		0.998		 4.3	  3.2	    2.5
	6	0.554			1.000		0.997		 4.1	  6.7	    4.8
	7	0.480			1.000		0.995		 3.4	 11.2	    7.6
	8	0.413			1.000		0.992		 2.4	 16.9	   11.4
	9	0.341			1.000		0.988		 1.2	 25.1	   17.4
	10	0.298			1.000		0.983		 0.5	 33.0	   23.6
	11	0.271			1.000		0.979		 0.4	 40.2	   29.6
	12	0.239			1.000		0.973		 0.1	 50.1	   38.2
	13	0.212			1.000		0.966		 0.1	 61.3	   48.4
	14	0.196			1.000		0.959		 0.0	 71.6	   57.6
	15	0.178			1.000		0.951		 0.0	 84.4	   69.4
	20	0.127			1.000		0.902		 0.0	157.7	  137.7
	25	0.098			1.000		0.836		 0.0	254.3	  229.3
	30	0.085			1.000		0.769		 0.0	352.8	  322.8
	35	0.077			1.000		0.696		 0.0	457.3	  422.3
	40	0.070			1.000		0.619		 0.0	567.5	  527.5

t = 192, n = 5120, matrix = optimized_M_192_5120_social_golfer

COMP
	d	Precision	Recall (Sensitivity) 	Specificity	surep	unsurep	false_pos
	1	1.000			1.000		1.000		 1.0	  0.0	    0.0
	2	1.000			1.000		1.000		 2.0	  0.0	    0.0
	3	0.965			1.000		1.000		 3.0	  0.1	    0.1
	4	0.901			1.000		1.000		 4.0	  0.5	    0.4
	5	0.817			1.000		1.000		 4.9	  1.2	    1.1
	6	0.755			1.000		1.000		 5.8	  2.1	    1.9
	7	0.655			1.000		0.999		 6.1	  4.5	    3.7
	8	0.590			1.000		0.999		 6.2	  7.4	    5.6
	9	0.525			1.000		0.998		 5.9	 11.2	    8.1
	10	0.460			1.000		0.998		 5.2	 16.6	   11.7
	11	0.417			1.000		0.997		 4.5	 21.9	   15.3
	12	0.375			1.000		0.996		 3.3	 28.7	   20.0
	13	0.338			1.000		0.995		 2.5	 36.0	   25.5
	14	0.308			1.000		0.994		 1.7	 43.7	   31.4
	15	0.282			1.000		0.993		 1.1	 52.0	   38.1
	20	0.181			1.000		0.982		 0.1	110.2	   90.3
	25	0.137			1.000		0.969		 0.0	182.7	  157.7
	30	0.109			1.000		0.952		 0.0	274.8	  244.8
	35	0.088			1.000		0.929		 0.0	397.1	  362.1
	40	0.074			1.000		0.902		 0.0	537.1	  497.1

t = 189, n = 5922, matrix = optimized_M_189_5922_STS

COMP
	d	Precision	Recall (Sensitivity) 	Specificity	surep	unsurep	false_pos
	1	1.000			1.000		1.000		 1.0	  0.0	    0.0
	2	1.000			1.000		1.000		 2.0	  0.0	    0.0
	3	0.968			1.000		1.000		 3.0	  0.1	    0.1
	4	0.891			1.000		1.000		 4.0	  0.5	    0.5
	5	0.810			1.000		1.000		 4.9	  1.3	    1.2
	6	0.691			1.000		1.000		 5.5	  3.2	    2.7
	7	0.637			1.000		0.999		 5.9	  5.0	    4.0
	8	0.549			1.000		0.999		 5.8	  8.8	    6.6
	9	0.469			1.000		0.998		 4.8	 14.4	   10.2
	10	0.404			1.000		0.998		 3.7	 21.1	   14.7
	11	0.363			1.000		0.997		 2.8	 27.5	   19.3
	12	0.331			1.000		0.996		 2.0	 34.2	   24.2
	13	0.294			1.000		0.995		 1.1	 43.1	   31.3
	14	0.270			1.000		0.994		 0.8	 51.1	   37.9
	15	0.242			1.000		0.992		 0.6	 61.5	   47.0
	20	0.159			1.000		0.982		 0.0	125.7	  105.7
	25	0.116			1.000		0.968		 0.0	216.3	  191.3
	30	0.090			1.000		0.949		 0.0	332.8	  302.8
	35	0.075			1.000		0.927		 0.0	465.6	  430.6
	40	0.063			1.000		0.899		 0.0	634.0	  594.0

t = 384, n = 16384, matrix = optimized_M_384_16384_social_golfer

COMP
	d	Precision	Recall (Sensitivity) 	Specificity	surep	unsurep	false_pos
	1	1.000			1.000		1.000		 1.0	  0.0	    0.0
	2	1.000			1.000		1.000		 2.0	  0.0	    0.0
	3	0.987			1.000		1.000		 3.0	  0.0	    0.0
	4	0.969			1.000		1.000		 4.0	  0.1	    0.1
	5	0.911			1.000		1.000		 5.0	  0.5	    0.5
	6	0.878			1.000		1.000		 6.0	  0.9	    0.8
	7	0.814			1.000		1.000		 6.8	  1.8	    1.6
	8	0.765			1.000		1.000		 7.8	  2.6	    2.5
	9	0.701			1.000		1.000		 8.4	  4.4	    3.8
	10	0.659			1.000		1.000		 9.0	  6.2	    5.2
	11	0.619			1.000		1.000		 9.3	  8.5	    6.8
	12	0.572			1.000		0.999		 9.6	 11.4	    9.0
	13	0.532			1.000		0.999		 9.3	 15.1	   11.4
	14	0.489			1.000		0.999		 8.7	 20.0	   14.6
	15	0.448			1.000		0.999		 8.1	 25.4	   18.5
	20	0.312			1.000		0.997		 3.7	 60.4	   44.1
	25	0.233			1.000		0.995		 0.9	106.3	   82.2
	30	0.182			1.000		0.992		 0.2	164.3	  134.6
	35	0.146			1.000		0.987		 0.0	239.6	  204.6
	40	0.119			1.000		0.982		 0.0	336.1	  296.1

t = 381, n = 24130, matrix = optimized_M_381_24130_STS

COMP
	d	Precision	Recall (Sensitivity) 	Specificity	surep	unsurep	false_pos
	1	1.000			1.000		1.000		 1.0	  0.0	    0.0
	2	1.000			1.000		1.000		 2.0	  0.0	    0.0
	3	0.962			1.000		1.000		 3.0	  0.1	    0.1
	4	0.939			1.000		1.000		 4.0	  0.3	    0.3
	5	0.904			1.000		1.000		 5.0	  0.5	    0.5
	6	0.822			1.000		1.000		 5.9	  1.4	    1.3
	7	0.728			1.000		1.000		 6.7	  2.9	    2.6
	8	0.693			1.000		1.000		 7.5	  4.0	    3.5
	9	0.631			1.000		1.000		 8.0	  6.3	    5.3
	10	0.561			1.000		1.000		 7.7	 10.1	    7.8
	11	0.520			1.000		1.000		 8.0	 13.1	   10.2
	12	0.474			1.000		0.999		 7.1	 18.2	   13.3
	13	0.419			1.000		0.999		 6.0	 25.1	   18.0
	14	0.394			1.000		0.999		 5.3	 30.2	   21.5
	15	0.355			1.000		0.999		 4.3	 37.9	   27.2
	20	0.235			1.000		0.997		 0.9	 84.3	   65.2
	25	0.170			1.000		0.995		 0.2	147.0	  122.2
	30	0.125			1.000		0.991		 0.0	239.7	  209.7
	35	0.100			1.000		0.987		 0.0	349.6	  314.6
	40	0.083			1.000		0.982		 0.0	482.6	  442.6
