Summary

Following are the largest d values for each matrix and each algorithm, for
which Sensitivity >= 0.99 and specificity >= 0.95

n = 96, t = 46
---------------------

Algo            d       Precision       Recall (Sensitivity)    Specificity

COMP	        8       0.696                   1.000           0.960      
COMP_NNOMP      8       0.976                   0.994           0.998
SBL             9       0.714                   0.999           0.959


n = 192, t = 46
---------------------

Algo            d       Precision       Recall (Sensitivity)    Specificity

COMP            8       0.464                   1.000           0.950      
COMP_NNOMP      7       0.955                   0.995           0.998
SBL             9       0.505                   0.999           0.952


n = 384, t = 64
---------------------

Algo            d       Precision       Recall (Sensitivity)    Specificity

COMP            10      0.389                   1.000           0.958      
COMP_NNOMP      9       0.974                   0.991           0.999
SBL             12      0.461                   0.999           0.962


n = 960, t = 94
---------------------

Algo            d       Precision       Recall (Sensitivity)    Specificity

COMP            14      0.231                   1.000           0.951      
COMP_NNOMP      12      0.977                   0.993           0.9997
SBL             16      0.292                   0.996           0.959


=========================================================================================================

n = 96, t = 46


COMP

        d       Precision       Recall (Sensitivity)    Specificity     surep   unsurep  avg_tests  2_stage
        1       1.000                   1.000           1.000            1.0      0.0      46.0        0
        2       1.000                   1.000           1.000            2.0      0.0      46.0        0
        3       0.998                   1.000           1.000            3.0      0.0      46.0        6
        4       0.979                   1.000           0.999            4.0      0.1      46.1       83
        5       0.929                   1.000           0.996            5.0      0.4      46.4      331
        6       0.857                   1.000           0.989            5.8      1.2      47.2      632
        7       0.776                   1.000           0.977            6.2      2.8      48.8      858
        8       0.696                   1.000           0.960            5.8      5.7      51.7      960
        9       0.627                   1.000           0.939            4.9      9.4      55.4      994
        10      0.567                   1.000           0.911            3.6     14.1      60.1     1000
        15      0.388                   1.000           0.707            0.2     38.5      84.5     1000
        20      0.336                   1.000           0.481            0.0     59.4     105.4     1000
        25      0.330                   1.000           0.286            0.0     75.7     121.7     1000

------------------------------------------------------------------------
n = 192, t = 46


COMP

        d       Precision       Recall (Sensitivity)    Specificity     surep   unsurep  avg_tests  2_stage
        1       1.000                   1.000           1.000            1.0      0.0      46.0        0
        2       0.998                   1.000           1.000            2.0      0.0      46.0        5
        3       0.935                   1.000           0.999            3.0      0.2      46.2      189
        4       0.842                   1.000           0.996            3.9      0.8      46.8      525
        5       0.731                   1.000           0.990            4.5      2.3      48.3      815
        6       0.636                   1.000           0.982            4.5      5.0      51.0      962
        7       0.539                   1.000           0.968            3.6      9.4      55.4      997
        8       0.464                   1.000           0.950            2.4     14.8      60.8     1000
        9       0.404                   1.000           0.927            1.4     20.9      66.9     1000
        10      0.368                   1.000           0.906            0.8     26.4      72.4     1000
        15      0.247                   1.000           0.742            0.0     60.7     106.7     1000
        20      0.203                   1.000           0.543            0.0     98.6     144.6     1000
        25      0.196                   1.000           0.387            0.0    127.4     173.4     1000

-------------------------------------------------------------------------
n = 384, t = 64


COMP

        d       Precision       Recall (Sensitivity)    Specificity     surep   unsurep  avg_tests  2_stage
        1       1.000                   1.000           1.000            1.0      0.0      64.0        0
        2       0.999                   1.000           1.000            2.0      0.0      64.0        2
        3       0.987                   1.000           1.000            3.0      0.0      64.0       37
        4       0.946                   1.000           0.999            4.0      0.2      64.2      200
        5       0.864                   1.000           0.998            5.0      0.8      64.8      541
        6       0.763                   1.000           0.995            5.7      2.2      66.2      800
        7       0.664                   1.000           0.991            5.8      4.7      68.7      946
        8       0.551                   1.000           0.983            4.9      9.6      73.6      993
        9       0.464                   1.000           0.972            3.4     16.0      80.0     1000
        10      0.389                   1.000           0.958            1.9     23.8      87.8     1000
        11      0.333                   1.000           0.941            1.0     32.1      96.1     1000
        12      0.284                   1.000           0.919            0.4     41.9     105.9     1000
        13      0.251                   1.000           0.896            0.2     51.6     115.6     1000
        14      0.224                   1.000           0.869            0.1     62.4     126.4     1000
        15      0.202                   1.000           0.839            0.0     74.3     138.3     1000
        20      0.142                   1.000           0.669            0.0    140.6     204.6     1000
        25      0.120                   1.000           0.491            0.0    207.8     271.8     1000

--------------------------------------------------------------------------

n = 960, t = 94


COMP

        d       Precision       Recall (Sensitivity)    Specificity     surep   unsurep  avg_tests  2_stage
        1       1.000                   1.000           1.000            1.0      0.0      94.0        0
        2       1.000                   1.000           1.000            2.0      0.0      94.0        0
        3       0.995                   1.000           1.000            3.0      0.0      94.0       14
        4       0.986                   1.000           1.000            4.0      0.1      94.1       54
        5       0.964                   1.000           1.000            5.0      0.2      94.2      167
        6       0.909                   1.000           0.999            6.0      0.6      94.6      432
        7       0.822                   1.000           0.998            6.9      1.6      95.6      741
        8       0.711                   1.000           0.997            7.5      3.7      97.7      929
        9       0.595                   1.000           0.994            7.3      7.9     101.9      988
        10      0.496                   1.000           0.989            5.9     14.3     108.3      998
        11      0.409                   1.000           0.983            3.9     23.0     117.0     1000
        12      0.331                   1.000           0.974            2.0     34.2     128.2     1000
        13      0.275                   1.000           0.964            0.8     46.6     140.6     1000
        14      0.231                   1.000           0.951            0.3     60.2     154.2     1000
        15      0.197                   1.000           0.935            0.1     76.1     170.1     1000
        20      0.107                   1.000           0.823            0.0    186.5     280.5     1000
        25      0.076                   1.000           0.676            0.0    328.0     422.0     1000

