n = 961, t = 93


COMP

        d       Precision       Recall (Sensitivity)    Specificity     surep   unsurep avg_score
        1       1.000                   1.000           1.000            1.0      0.0       0.0
        2       1.000                   1.000           1.000            2.0      0.0       0.0
        3       0.946                   1.000           1.000            3.0      0.2       0.0
        4       0.854                   1.000           0.999            3.9      0.8       0.0
        5       0.760                   1.000           0.998            4.7      1.8       0.0
        6       0.666                   1.000           0.997            5.1      3.9       0.0
        7       0.577                   1.000           0.995            4.9      7.2       0.0
        8       0.506                   1.000           0.992            4.2     11.6       0.0
        9       0.449                   1.000           0.988            3.5     16.6       0.0
        10      0.397                   1.000           0.984            2.5     22.7       0.0

n = 399, t = 63


COMP

        d       Precision       Recall (Sensitivity)    Specificity     surep   unsurep avg_score
        1       1.000                   1.000           1.000            1.0      0.0       0.0
        2       1.000                   1.000           1.000            2.0      0.0       0.0
        3       0.938                   1.000           1.000            3.0      0.2       0.0
        4       0.831                   1.000           0.998            3.9      0.9       0.0
        5       0.720                   1.000           0.995            4.5      2.5       0.0
        6       0.627                   1.000           0.991            4.5      5.1       0.0
        7       0.546                   1.000           0.985            4.0      8.8       0.0
        8       0.479                   1.000           0.978            3.2     13.5       0.0
        9       0.421                   1.000           0.968            2.2     19.2       0.0
        10      0.375                   1.000           0.957            1.4     25.3       0.0

----------------------------------------------------------------
Conclusion - high dynamic range of x and noise - both affect SBL performance.
However, dynamic range kills it more
n = 960, t = 94
No noise
x in range 0.1 to 1

SBL

        d       Precision       Recall  surep   unsurep  avg_tests  2_stage
        1       1.000           1.000    1.0      0.0      94.0        0
        2       1.000           1.000    2.0      0.0      94.0        0
        3       1.000           1.000    3.0      0.0      94.0        0
        4       1.000           1.000    4.0      0.0      94.0        0
        5       1.000           1.000    5.0      0.0      94.0        0
        6       1.000           1.000    6.0      0.0      94.0        0
        7       1.000           1.000    6.9      0.1      94.1        8
        8       1.000           1.000    7.5      0.5      94.5       28
        9       1.000           1.000    7.3      1.7      95.7       76
        10      1.000           1.000    5.8      4.2      98.2       97
        15      1.000           1.000    0.2     14.8     108.8      100
        20      1.000           1.000    0.0     20.0     114.0      100
        25      0.965           0.993    0.0     25.7     119.7      100
        40      0.238           0.387    0.0     65.0     159.0      100
        50      0.178           0.242    0.0     68.1     162.1      100


n = 960, t = 94
x in range 0.1 to 1
With noise added


SBL

        d       Precision       Recall  surep   unsurep  avg_tests  2_stage
        1       1.000           1.000    1.0      0.0      94.0        0
        2       1.000           1.000    2.0      0.0      94.0        0
        3       1.000           1.000    3.0      0.0      94.0        0
        4       1.000           1.000    4.0      0.0      94.0        0
        5       0.984           1.000    5.0      0.1      94.1        4
        6       0.968           1.000    6.0      0.2      94.2        8
        7       0.931           1.000    6.9      0.6      94.6       20
        8       0.909           1.000    7.5      1.3      95.3       32
        9       0.860           1.000    7.2      3.3      97.3       42
        10      0.795           1.000    6.2      6.4     100.4       48
        15      0.624           1.000    0.1     23.9     117.9       50
        20      0.663           1.000    0.0     30.2     124.2       50
        25      0.673           0.981    0.0     36.4     130.4       50


n = 960, t = 94
x in range [1 / 32768, 1]
No Noise


SBL

        d       Precision       Recall  surep   unsurep  avg_tests  2_stage
        1       1.000           1.000    1.0      0.0      94.0        0
        2       1.000           1.000    2.0      0.0      94.0        0
        3       1.000           1.000    3.0      0.0      94.0        0
        4       0.980           1.000    4.0      0.1      94.1        4
        5       0.962           1.000    5.0      0.2      94.2       10
        6       0.901           1.000    6.0      0.7      94.7       24
        7       0.843           1.000    6.9      1.4      95.4       32
        8       0.718           1.000    7.5      3.6      97.6       45
        9       0.647           1.000    7.5      6.4     100.4       49
        10      0.523           1.000    5.9     13.2     107.2       50
        15      0.261           1.000    0.1     57.4     151.4       50
        20      0.152           1.000    0.0    131.4     225.4       50
        25      0.113           1.000    0.0    220.3     314.3       50


n = 960, t = 94
x in range [1 / 32768, 1]
With Noise

SBL

        d       Precision       Recall  surep   unsurep  avg_tests  2_stage
        1       1.000           1.000    1.0      0.0      94.0        0
        2       1.000           1.000    2.0      0.0      94.0        0
        3       1.000           1.000    3.0      0.0      94.0        0
        4       0.990           1.000    4.0      0.0      94.0        2
        5       0.973           1.000    5.0      0.1      94.1        7
        6       0.955           1.000    6.0      0.3      94.3       10
        7       0.923           1.000    6.9      0.6      94.6       25
        8       0.808           1.000    7.4      2.5      96.5       44
        9       0.756           1.000    7.3      4.6      98.6       48
        10      0.662           1.000    6.0      9.1     103.1       50
        15      0.315           0.999    0.0     47.5     141.5       50
        20      0.194           0.998    0.0    103.0     197.0       50
        25      0.139           0.992    0.0    177.9     271.9       50

----------------------------------------------------------------------
n = 960, t = 94


COMP

        d       Precision       Recall  surep   unsurep  avg_tests  2_stage
        1       1.000           1.000    1.0      0.0      94.0        0
        2       1.000           1.000    2.0      0.0      94.0        0
        3       0.999           1.000    3.0      0.0      94.0        4
        4       0.989           1.000    4.0      0.0      94.0       43
        5       0.963           1.000    5.0      0.2      94.2      170
        6       0.909           1.000    6.0      0.6      94.6      437
        7       0.830           1.000    6.9      1.5      95.5      710
        8       0.727           1.000    7.5      3.5      97.5      912
        9       0.613           1.000    7.4      7.3     101.3      992
        10      0.505           1.000    6.0     13.8     107.8      999

SBL

        d       Precision       Recall  surep   unsurep  avg_tests  2_stage
        1       1.000           1.000    1.0      0.0      94.0        0
        2       1.000           1.000    2.0      0.0      94.0        0
        3       0.999           1.000    3.0      0.0      94.0        4
        4       0.993           1.000    4.0      0.0      94.0       43
        5       0.975           1.000    5.0      0.2      94.2      170
        6       0.936           1.000    6.0      0.6      94.6      437
        7       0.876           1.000    6.9      1.5      95.5      710
        8       0.794           1.000    7.5      3.5      97.5      912
        9       0.693           1.000    7.4      7.3     101.3      992
        10      0.585           1.000    6.0     13.8     107.8      999

n = 960, t = 94


combined_COMP_NNOMP_random_cv

        d       Precision       Recall  surep   unsurep  avg_tests  2_stage
        1       1.000           1.000    1.0      0.0      94.0        0
        2       1.000           1.000    2.0      0.0      94.0        0
        3       1.000           1.000    3.0      0.0      94.0       10
        4       0.999           1.000    4.0      0.0      94.0       28
        5       0.994           1.000    5.0      0.2      94.2      180
        6       0.986           1.000    6.0      0.6      94.6      436
        7       0.978           1.000    6.9      1.6      95.6      753
        8       0.969           0.999    7.5      3.7      97.7      924
        9       0.976           0.999    7.4      7.1     101.1      980
        10      0.983           0.995    5.9     14.2     108.2     1000

-----------------------------------------------------------------------

n = 384, t = 64


COMP

        d       Precision       Recall  surep   unsurep  avg_tests  2_stage
        1       1.000           1.000    1.0      0.0      64.0        0
        2       1.000           1.000    2.0      0.0      64.0        1
        3       0.987           1.000    3.0      0.0      64.0       41
        4       0.948           1.000    4.0      0.2      64.2      200
        5       0.869           1.000    5.0      0.8      64.8      508
        6       0.769           1.000    5.7      2.1      66.1      812
        7       0.658           1.000    5.9      4.8      68.8      966
        8       0.547           1.000    5.0      9.6      73.6      994
        9       0.462           1.000    3.4     16.1      80.1     1000
        10      0.389           1.000    1.9     23.8      87.8     1000

combined_COMP_NNOMP_random_cv

        d       Precision       Recall  surep   unsurep  avg_tests  2_stage
        1       1.000           1.000    1.0      0.0      64.0        0
        2       1.000           1.000    2.0      0.0      64.0        1
        3       0.999           1.000    3.0      0.0      64.0       37
        4       0.992           1.000    4.0      0.3      64.3      221
        5       0.980           1.000    5.0      0.8      64.8      500
        6       0.977           0.999    5.7      2.1      66.1      807
        7       0.968           0.998    5.8      5.0      69.0      953
        8       0.978           0.997    4.9      9.6      73.6      993
        9       0.974           0.991    3.4     16.1      80.1     1000
        10      0.965           0.985    2.0     23.5      87.5      999

SBL

        d       Precision       Recall  surep   unsurep  avg_tests  2_stage
        1       1.000           1.000    1.0      0.0      64.0        0
        2       1.000           1.000    2.0      0.0      64.0        1
        3       0.992           1.000    3.0      0.0      64.0       41
        4       0.965           1.000    4.0      0.2      64.2      200
        5       0.916           1.000    5.0      0.8      64.8      508
        6       0.842           1.000    5.7      2.1      66.1      812
        7       0.743           1.000    5.9      4.8      68.8      966
        8       0.642           1.000    5.0      9.6      73.6      994
        9       0.559           0.999    3.4     16.1      80.1     1000
        10      0.476           1.000    1.9     23.8      87.8     1000

combined_COMP_SBL

        d       Precision       Recall  surep   unsurep  avg_tests  2_stage
        1       1.000           1.000    1.0      0.0      64.0        0
        2       1.000           1.000    2.0      0.0      64.0        1
        3       0.992           1.000    3.0      0.0      64.0       41
        4       0.965           1.000    4.0      0.2      64.2      200
        5       0.916           1.000    5.0      0.8      64.8      508
        6       0.839           1.000    5.7      2.1      66.1      812
        7       0.742           1.000    5.9      4.8      68.8      966
        8       0.642           1.000    5.0      9.6      73.6      994
        9       0.557           1.000    3.4     16.1      80.1     1000
        10      0.476           1.000    1.9     23.8      87.8     1000

-------------------------------------------------------------------------
n = 96, t = 46


COMP

        d       Precision       Recall  surep   unsurep  avg_tests  2_stage
        1       1.000           1.000    1.0      0.0      46.0        0
        2       1.000           1.000    2.0      0.0      46.0        0
        3       0.999           1.000    3.0      0.0      46.0        3
        4       0.976           1.000    4.0      0.1      46.1       94
        5       0.922           1.000    5.0      0.5      46.5      337
        6       0.853           1.000    5.8      1.2      47.2      630
        7       0.777           1.000    6.2      2.8      48.8      861
        8       0.695           1.000    5.8      5.7      51.7      965
        9       0.627           1.000    5.0      9.4      55.4      997
        10      0.567           1.000    3.7     14.0      60.0     1000
        11      0.512           1.000    2.3     19.2      65.2     1000
        12      0.470           1.000    1.4     24.1      70.1     1000
        13      0.437           1.000    0.8     29.0      75.0     1000
        14      0.411           1.000    0.4     33.7      79.7     1000
        15      0.391           1.000    0.2     38.2      84.2     1000
        16      0.373           1.000    0.1     42.8      88.8     1000
        17      0.362           1.000    0.0     46.9      92.9     1000
        18      0.349           1.000    0.0     51.6      97.6     1000
        19      0.342           1.000    0.0     55.5     101.5     1000
        20      0.337           1.000    0.0     59.4     105.4     1000
        21      0.333           1.000    0.0     63.1     109.1     1000
        22      0.331           1.000    0.0     66.4     112.4     1000
        23      0.330           1.000    0.0     69.6     115.6     1000
        24      0.331           1.000    0.0     72.6     118.6     1000
        25      0.332           1.000    0.0     75.4     121.4     1000
        26      0.335           1.000    0.0     77.7     123.7     1000
        27      0.338           1.000    0.0     79.8     125.8     1000
        28      0.342           1.000    0.0     81.8     127.8     1000
        29      0.348           1.000    0.0     83.4     129.4     1000

SBL

        d       Precision       Recall  surep   unsurep  avg_tests  2_stage
        1       1.000           1.000    1.0      0.0      46.0        0
        2       1.000           1.000    2.0      0.0      46.0        0
        3       0.999           1.000    3.0      0.0      46.0        3
        4       0.985           1.000    4.0      0.1      46.1       94
        5       0.953           1.000    5.0      0.5      46.5      337
        6       0.905           1.000    5.8      1.2      47.2      630
        7       0.847           1.000    6.2      2.8      48.8      861
        8       0.774           1.000    5.8      5.7      51.7      965
        9       0.714           0.999    5.0      9.4      55.4      997
        10      0.656           0.999    3.7     14.0      60.0     1000
        11      0.602           0.999    2.3     19.2      65.2     1000
        12      0.557           0.999    1.4     24.1      70.1     1000
        13      0.520           0.998    0.8     29.0      75.0     1000
        14      0.490           0.999    0.4     33.7      79.7     1000
        15      0.465           0.999    0.2     38.2      84.2     1000
        16      0.445           0.999    0.1     42.8      88.8     1000
        17      0.431           0.999    0.0     46.9      92.9     1000
        18      0.416           0.999    0.0     51.6      97.6     1000
        19      0.408           0.998    0.0     55.5     101.5     1000
        20      0.400           0.998    0.0     59.4     105.4     1000
        21      0.395           0.998    0.0     63.1     109.1     1000
        22      0.392           0.998    0.0     66.4     112.4     1000
        23      0.390           0.997    0.0     69.6     115.6     1000
        24      0.390           0.994    0.0     72.6     118.6     1000
        25      0.390           0.990    0.0     75.4     121.4     1000
        26      0.394           0.986    0.0     77.7     123.7     1000
        27      0.397           0.979    0.0     79.8     125.8     1000
        28      0.401           0.969    0.0     81.8     127.8     1000
        29      0.408           0.957    0.0     83.4     129.4     1000
-------------------------------------------------------------------------
n = 96, t = 23
1000 expts
With Noise
prefer_recall = False
optimized_M_46_192_1


COMP

        d       Precision       Recall  surep   unsurep  avg_tests  2_stage
        1       1.000           1.000    1.0      0.0      23.0        0   
        2       0.636           1.000    1.5      1.7      24.7      717   
        3       0.487           1.000    1.1      5.0      28.0      974   
        4       0.407           1.000    0.6      9.2      32.2     1000   
        5       0.354           1.000    0.4     13.8      36.8     1000   
        6       0.322           1.000    0.2     18.5      41.5     1000   
        7       0.304           1.000    0.1     22.9      45.9     1000   
        8       0.283           1.000    0.0     28.2      51.2     1000   
        9       0.275           1.000    0.0     32.7      55.7     1000   
        10      0.266           1.000    0.0     37.6      60.6     1000   

combined_COMP_NNOMP_random_cv

        d       Precision       Recall  surep   unsurep  avg_tests  2_stage
        1       1.000           1.000    1.0      0.0      23.0        0   
        2       0.967           0.989    1.5      1.7      24.7      717   
        3       0.861           0.929    1.1      5.0      28.0      974   
        4       0.809           0.864    0.6      9.2      32.2     1000   
        5       0.710           0.791    0.4     13.8      36.8     1000   
        6       0.646           0.697    0.2     18.5      41.5     1000   
        7       0.585           0.610    0.1     22.9      45.9     1000   
        8       0.509           0.516    0.0     28.2      51.2     1000   
        9       0.469           0.454    0.0     32.7      55.7     1000   
        10      0.440           0.411    0.0     37.6      60.6     1000   

----------------------------------------------------------------------------
n = 192, t = 46
1000 expts
With Noise
prefer_recall = False
optimized_M_46_192_1

n = 192, t = 46


COMP

        d       Precision       Recall  surep   unsurep  avg_tests  2_stage
        1       1.000           1.000    1.0      0.0      46.0        0   
        2       0.997           1.000    2.0      0.0      46.0        6   
        3       0.942           1.000    3.0      0.2      46.2      161   
        4       0.846           1.000    3.9      0.8      46.8      499   
        5       0.730           1.000    4.5      2.3      48.3      829   
        6       0.630           1.000    4.5      5.0      51.0      959   
        7       0.537           1.000    3.6      9.4      55.4      995   
        8       0.463           1.000    2.4     14.9      60.9     1000   
        9       0.406           1.000    1.4     20.8      66.8     1000   
        10      0.362           1.000    0.7     27.0      73.0     1000   

n = 192, t = 46


combined_COMP_NNOMP_random_cv

        d       Precision       Recall  surep   unsurep  avg_tests  2_stage
        1       1.000           1.000    1.0      0.0      46.0        0   
        2       1.000           1.000    2.0      0.0      46.0        8   
        3       0.991           1.000    3.0      0.2      46.2      177   
        4       0.978           1.000    3.9      0.8      46.8      515   
        5       0.970           1.000    4.5      2.3      48.3      835   
        6       0.960           0.998    4.5      5.1      51.1      967   
        7       0.955           0.995    3.6      9.5      55.5      996   
        8       0.931           0.988    2.5     14.8      60.8     1000   
        9       0.859           0.982    1.4     20.9      66.9     1000   
        10      0.744           0.980    0.7     26.8      72.8     1000   


SBL

        d       Precision       Recall  surep   unsurep  avg_tests  2_stage
        1       1.000           1.000    1.0      0.0      46.0        0
        2       0.998           1.000    2.0      0.0      46.0        9
        3       0.968           1.000    3.0      0.2      46.2      160
        4       0.904           1.000    3.9      0.8      46.8      530
        5       0.820           1.000    4.5      2.3      48.3      818
        6       0.738           1.000    4.6      4.8      50.8      957
        7       0.633           1.000    3.5      9.8      55.8      995
        8       0.563           1.000    2.4     15.1      61.1     1000
        9       0.505           0.999    1.3     20.9      66.9     1000
        10      0.458           0.999    0.7     26.6      72.6     1000

combined_COMP_SBL

        d       Precision       Recall  surep   unsurep  avg_tests  2_stage
        1       1.000           1.000    1.0      0.0      46.0        0
        2       1.000           1.000    2.0      0.0      46.0        9
        3       0.968           1.000    3.0      0.2      46.2      160
        4       0.902           1.000    3.9      0.8      46.8      530
        5       0.819           1.000    4.5      2.3      48.3      818
        6       0.737           1.000    4.6      4.8      50.8      957
        7       0.633           1.000    3.5      9.8      55.8      995
        8       0.562           1.000    2.4     15.1      61.1     1000
        9       0.504           0.999    1.3     20.9      66.9     1000
        10      0.458           1.000    0.7     26.6      72.6     1000
------------------------------------------------------------------------------
n = 96, t = 46
1000 expts
With Noise
prefer_recall = False
optimized_M_46_96_1

n = 96, t = 46


COMP

        d       Precision       Recall
        1       1.000           1.000
        2       1.000           1.000
        3       0.998           1.000
        4       0.977           1.000
        5       0.931           1.000
        6       0.860           1.000
        7       0.775           1.000
        8       0.696           1.000
        9       0.633           1.000
        10      0.564           1.000
        11      0.515           1.000
        12      0.477           1.000
        13      0.439           1.000
        14      0.412           1.000
        15      0.387           1.000

combined_COMP_NNOMP_random_cv

        d       Precision       Recall
        1       1.000           1.000
        2       1.000           1.000
        3       1.000           0.998
        4       0.997           0.998
        5       0.989           0.998
        6       0.986           0.996
        7       0.977           0.997
        8       0.976           0.994
        9       0.977           0.989
        10      0.973           0.989
        11      0.959           0.983
        12      0.936           0.986
        13      0.876           0.982
        14      0.773           0.985
        15      0.687           0.989

NNOMP

        d       Precision       Recall
        1       0.061           1.000
        2       0.108           1.000
        3       0.150           0.999
        4       0.185           0.999
        5       0.217           0.999
        6       0.245           0.998
        7       0.271           0.999
        8       0.294           0.998
        9       0.315           0.996
        10      0.336           0.997
        11      0.356           0.996
        12      0.374           0.996
        13      0.388           0.995
        14      0.403           0.996
        15      0.417           0.995

combined_COMP_NNOMP

        d       Precision       Recall
        1       1.000           1.000
        2       1.000           1.000
        3       1.000           1.000
        4       0.989           1.000
        5       0.966           0.999
        6       0.919           0.999
        7       0.873           1.000
        8       0.819           0.999
        9       0.776           0.999
        10      0.725           0.999
        11      0.689           0.998
        12      0.660           0.998
        13      0.630           0.997
        14      0.607           0.997
        15      0.588           0.996

NNOMP_random_cv

        d       Precision       Recall
        1       1.000           1.000
        2       0.999           0.998
        3       0.998           0.994
        4       0.997           0.995
        5       0.998           0.992
        6       0.998           0.992
        7       0.997           0.992
        8       0.994           0.989
        9       0.989           0.984
        10      0.976           0.983
        11      0.909           0.973
        12      0.805           0.978
        13      0.687           0.964
        14      0.587           0.974
        15      0.552           0.965

---------------------------------------------------------------------------
n = 96, t = 46
1000 expts
Without Noise
prefer_recall = False
optimized_M_46_96_1


COMP

        d       Precision       Recall  total_tests     num_determined  num_overdetermined

        1       1.000           1.000   47.0              0               0
        2       1.000           1.000   48.0              0               0
        3       0.998           1.000   49.0              0               0
        4       0.973           1.000   50.1              0               0
        5       0.925           1.000   51.4              0               0
        6       0.858           1.000   53.0              0               0
        7       0.778           1.000   55.0              0               0
        8       0.699           1.000   57.5              0               0
        9       0.629           1.000   60.3              0               0
        10      0.569           1.000   63.6              0               0
        11      0.515           1.000   67.4              0               0
        12      0.474           1.000   71.3              0               0
        13      0.437           1.000   75.8              0               0
        14      0.417           1.000   79.6              0               0
        15      0.393           1.000   84.1              0               0

NNOMP

        d       Precision       Recall  total_tests     num_determined  num_overdetermined

        1       1.000           1.000   47.0              0               0
        2       1.000           1.000   48.0              0               0
        3       0.999           1.000   49.0              0               0
        4       0.993           1.000   50.0              0               0
        5       0.994           1.000   51.0              0               0
        6       0.995           1.000   52.0              0               0
        7       0.995           1.000   53.0              0               0
        8       0.994           1.000   54.1              0               0
        9       0.992           1.000   55.1              0               0
        10      0.988           1.000   56.1              0               0
        11      0.984           1.000   57.2              0               0
        12      0.973           1.000   58.3              0               0
        13      0.970           1.000   59.4              0               0
        14      0.946           1.000   60.8              0               0
        15      0.923           1.000   62.2              0               0

combined_COMP_NNOMP

        d       Precision       Recall  total_tests     num_determined  num_overdetermined

        1       1.000           1.000   47.0              0             1000
        2       1.000           1.000   48.0              0             1000
        3       1.000           1.000   49.0              0             1000
        4       1.000           1.000   50.0              0             1000
        5       1.000           1.000   51.0              0             1000
        6       1.000           1.000   52.0              0             1000
        7       1.000           1.000   53.0              0             1000
        8       0.999           1.000   54.0              0             1000
        9       0.998           1.000   55.0              0             1000
        10      0.995           1.000   56.0              0             1000
        11      0.995           1.000   57.1              6             991
        12      0.986           1.000   58.2             10             958
        13      0.985           1.000   59.2             40             859
        14      0.974           1.000   60.4             55             664
        15      0.959           1.000   61.6             74             436
------------------------------------------------------------------------------
With noise
prefer_recall = False
random matrix Bernoulli(0.1)
n = 96, t = 46


COMP

        d       Precision       Recall  total_tests     num_determined  num_overdetermined

        1       0.685           1.000   47.5              0               0
        2       0.595           1.000   49.4              0               0
        3       0.595           1.000   51.0              0               0
        4       0.549           1.000   53.3              0               0
        5       0.491           1.000   56.2              0               0
        6       0.461           1.000   59.0              0               0
        7       0.450           1.000   61.6              0               0
        8       0.416           1.000   65.2              0               0
        9       0.384           1.000   69.5              0               0
        10      0.386           1.000   71.9              0               0
        11      0.363           1.000   76.3              0               0
        12      0.361           1.000   79.2              0               0
        13      0.327           1.000   85.8              0               0
        14      0.335           1.000   87.8              0               0
        15      0.322           1.000   92.6              0               0

combined_COMP_NNOMP_random_cv

        d       Precision       Recall  total_tests     num_determined  num_overdetermined

        1       0.971           1.000   47.0              3              97
        2       0.942           0.975   48.1              1              99
        3       0.955           0.980   49.1              0             100
        4       0.958           0.970   50.2              0             100
        5       0.972           0.986   51.1              0             100
        6       0.952           0.988   52.3              0             100
        7       0.964           0.981   53.3              0             100
        8       0.956           0.986   54.4              0              98
        9       0.935           0.967   55.6              4              88
        10      0.895           0.973   57.2              3              82
        11      0.857           0.968   58.8              6              67
        12      0.782           0.968   61.3              5              58
        13      0.714           0.979   64.2              9              25
        14      0.676           0.984   66.7              6              17
        15      0.653           0.976   69.0              3              12

NNOMP

        d       Precision       Recall  total_tests     num_determined  num_overdetermined

        1       0.082           1.000   58.2              0               0
        2       0.127           1.000   61.8              0               0
        3       0.165           0.997   64.2              0               0
        4       0.192           1.000   66.8              0               0
        5       0.225           0.998   68.2              0               0
        6       0.256           0.998   69.4              0               0
        7       0.280           0.997   71.0              0               0
        8       0.295           0.999   73.1              0               0
        9       0.321           0.996   74.0              0               0
        10      0.334           0.997   75.9              0               0
        11      0.355           0.996   77.0              0               0
        12      0.374           0.995   78.1              0               0
        13      0.385           0.994   79.8              0               0
        14      0.406           0.994   80.5              0               0
        15      0.416           0.993   82.1              0               0

NNOMP_random_cv

        d       Precision       Recall  total_tests     num_determined  num_overdetermined

        1       1.000           1.000   47.0              0               0
        2       0.989           0.940   48.0              0               0
        3       0.990           0.970   49.0              0               0
        4       1.000           0.958   50.0              0               0
        5       0.990           0.978   51.1              0               0
        6       0.978           0.965   52.1              0               0
        7       0.962           0.973   53.3              0               0
        8       0.961           0.958   54.3              0               0
        9       0.888           0.948   56.1              0               0
        10      0.817           0.964   58.2              0               0
        11      0.728           0.969   61.1              0               0
        12      0.641           0.960   64.7              0               0
        13      0.581           0.980   68.4              0               0
        14      0.565           0.968   70.8              0               0
        15      0.566           0.974   72.5              0               0
----------------------------------------------------------------------------
No Noise
prefer_recall=False
random matrix, Bernoulli(0.1)

n = 96, t = 46


COMP

        d       Precision       Recall  total_tests     num_determined  num_overdetermined

        1       0.929           1.000   47.1              0               0
        2       0.832           1.000   48.4              0               0
        3       0.743           1.000   50.0              0               0
        4       0.663           1.000   52.0              0               0
        5       0.596           1.000   54.4              0               0
        6       0.557           1.000   56.8              0               0
        7       0.506           1.000   59.8              0               0
        8       0.472           1.000   62.9              0               0
        9       0.437           1.000   66.6              0               0
        10      0.416           1.000   70.1              0               0


combined_COMP_NNOMP

        d       Precision       Recall  total_tests     num_determined  num_overdetermined

        1       1.000           1.000   47.0              0             1000
        2       1.000           1.000   48.0              0             1000
        3       0.998           1.000   49.0              0             1000
        4       0.997           1.000   50.0              0             1000
        5       0.994           1.000   51.0              0             1000
        6       0.991           1.000   52.1              0             999
        7       0.991           1.000   53.1              1             999
        8       0.984           1.000   54.1              1             994
        9       0.979           1.000   55.2             16             946
        10      0.972           1.000   56.3             35             853

NNOMP

        d       Precision       Recall  total_tests     num_determined  num_overdetermined

        1       1.000           1.000   47.0              0               0
        2       0.994           1.000   48.0              0               0
        3       0.985           1.000   49.0              0               0
        4       0.984           1.000   50.1              0               0
        5       0.979           1.000   51.1              0               0
        6       0.980           1.000   52.1              0               0
        7       0.978           1.000   53.2              0               0
        8       0.965           1.000   54.3              0               0
        9       0.956           1.000   55.4              0               0
        10      0.932           1.000   56.7              0               0

--------------------------------------------------------------------------
No noise
prefer_recall=False

n = 96, t = 16


COMP

        d       Precision       Recall  total_tests     num_determined  num_overdetermined

        1       0.452           1.000   18.2              0               0
        2       0.163           1.000   28.3              0               0
        3       0.137           1.000   38.0              0               0
        4       0.140           1.000   44.6              0               0
        5       0.143           1.000   51.0              0               0
        6       0.142           1.000   58.3              0               0
        7       0.147           1.000   63.7              0               0
        8       0.155           1.000   67.6              0               0
        9       0.166           1.000   70.2              0               0
        10      0.171           1.000   74.7              0               0

NNOMP

        d       Precision       Recall  total_tests     num_determined  num_overdetermined

        1       1.000           1.000   17.0              0               0
        2       0.877           1.000   18.3              0               0
        3       0.576           0.930   21.2              0               0
        4       0.511           0.848   23.8              0               0
        5       0.474           0.740   26.5              0               0
        6       0.363           0.558   32.5              0               0
        7       0.357           0.481   35.6              0               0
        8       0.348           0.424   39.0              0               0
        9       0.344           0.370   42.1              0               0
        10      0.362           0.347   43.6              0               0

NNOMP_random_cv

        d       Precision       Recall  total_tests     num_determined  num_overdetermined

        1       1.000           1.000   17.0              0               0
        2       0.965           0.965   18.1              0               0
        3       0.821           0.750   19.7              0               0
        4       0.806           0.540   21.0              0               0
        5       0.677           0.364   23.4              0               0
        6       0.562           0.242   26.7              0               0
        7       0.493           0.196   30.2              0               0
        8       0.475           0.164   32.9              0               0
        9       0.446           0.147   36.2              0               0
        10      0.455           0.111   38.0              0               0

combined_COMP_NNOMP_random_cv

        d       Precision       Recall  total_tests     num_determined  num_overdetermined

        1       1.000           1.000   17.0              1              99
        2       0.970           0.985   18.1              1              72
        3       0.837           0.840   19.6              4              16
        4       0.769           0.708   21.2              0               0
        5       0.645           0.512   23.8              0               0
        6       0.456           0.330   29.2              0               0
        7       0.441           0.287   31.9              0               0
        8       0.458           0.244   33.5              0               0
        9       0.428           0.213   37.0              0               0
        10      0.397           0.163   41.2              0               0
------------------------------------------------------------------------------
n = 96, t = 16
No Noise
prefer_recall=True

COMP

        d       Precision       Recall  total_tests     num_determined  num_overdetermined

        1       0.515           1.000   17.9              0               0
        2       0.158           1.000   28.7              0               0
        3       0.152           1.000   35.8              0               0
        4       0.142           1.000   44.1              0               0
        5       0.154           1.000   48.5              0               0
        6       0.145           1.000   57.3              0               0
        7       0.145           1.000   64.2              0               0
        8       0.154           1.000   68.1              0               0
        9       0.158           1.000   72.8              0               0
        10      0.168           1.000   75.4              0               0

NNOMP

        d       Precision       Recall  total_tests     num_determined  num_overdetermined

        1       0.990           0.990   17.0              0               0
        2       0.858           1.000   18.3              0               0
        3       0.717           0.970   20.2              0               0
        4       0.463           0.825   24.6              0               0
        5       0.393           0.682   28.7              0               0
        6       0.380           0.580   31.8              0               0
        7       0.398           0.519   33.6              0               0
        8       0.366           0.440   37.8              0               0
        9       0.329           0.351   43.3              0               0
        10      0.381           0.360   42.2              0               0

NNOMP_random_cv

        d       Precision       Recall  total_tests     num_determined  num_overdetermined

        1       0.990           0.990   17.0              0               0
        2       0.859           0.975   18.3              0               0
        3       0.788           0.880   19.8              0               0
        4       0.597           0.610   22.7              0               0
        5       0.457           0.400   27.0              0               0
        6       0.430           0.323   29.9              0               0
        7       0.421           0.310   32.6              0               0
        8       0.378           0.274   37.2              0               0
        9       0.357           0.210   41.2              0               0
        10      0.433           0.221   39.1              0               0

combined_COMP_NNOMP_random_cv

        d       Precision       Recall  total_tests     num_determined  num_overdetermined

        1       0.990           0.990   17.0              0              99
        2       0.952           0.995   18.1              8              61
        3       0.851           0.950   19.5              3              18
        4       0.613           0.765   22.5              0               0
        5       0.498           0.574   26.0              0               0
        6       0.431           0.492   29.9              0               0
        7       0.435           0.407   32.1              0               0
        8       0.411           0.390   35.5              0               0
        9       0.345           0.292   42.1              0               0
        10      0.417           0.287   40.0              0               0


-----------------------------------------------------------------------------
n = 96, t = 16
with noise
prefer_recall=True

COMP

        d       Precision       Recall  total_tests     num_determined  num_overdetermined

        1       0.463           1.000   18.2              0               0
        2       0.153           1.000   29.1              0               0
        3       0.163           1.000   34.4              0               0
        4       0.143           1.000   44.0              0               0
        5       0.140           1.000   51.6              0               0
        6       0.142           1.000   58.4              0               0
        7       0.158           1.000   60.4              0               0
        8       0.157           1.000   67.1              0               0
        9       0.161           1.000   71.8              0               0
        10      0.173           1.000   73.7              0               0

NNOMP

        d       Precision       Recall  total_tests     num_determined  num_overdetermined

        1       0.122           1.000   24.2              0               0
        2       0.192           0.995   26.4              0               0
        3       0.234           0.957   28.8              0               0
        4       0.255           0.818   31.7              0               0
        5       0.318           0.768   31.7              0               0
        6       0.297           0.572   36.2              0               0
        7       0.301           0.460   39.2              0               0
        8       0.299           0.403   42.8              0               0
        9       0.310           0.377   45.0              0               0
        10      0.321           0.340   47.1              0               0

NNOMP_random_cv

        d       Precision       Recall  total_tests     num_determined  num_overdetermined

        1       0.467           1.000   18.1              0               0
        2       0.451           0.935   20.4              0               0
        3       0.457           0.743   22.6              0               0
        4       0.443           0.593   25.0              0               0
        5       0.443           0.504   27.3              0               0
        6       0.384           0.375   31.6              0               0
        7       0.378           0.296   34.5              0               0
        8       0.355           0.230   38.5              0               0
        9       0.357           0.220   41.2              0               0
        10      0.376           0.194   42.6              0               0

combined_COMP_NNOMP_random_cv

        d       Precision       Recall  total_tests     num_determined  num_overdetermined

        1       0.769           1.000   17.3              1              99
        2       0.484           0.985   20.1              1              72
        3       0.460           0.930   22.5              4              23
        4       0.372           0.802   26.8              0               1
        5       0.405           0.684   28.3              0               0
        6       0.351           0.532   33.1              0               0
        7       0.339           0.420   36.7              0               0
        8       0.326           0.369   40.5              0               0
        9       0.337           0.329   42.7              0               0
        10      0.332           0.272   46.1              0               0



--------------------------------------------------------------------------------
with noise
prefer_recall=False
n = 96, t = 16


COMP

        d       Precision       Recall  total_tests     num_determined  num_overdetermined

        1       0.532           1.000   17.9              0               0
        2       0.163           1.000   28.3              0               0
        3       0.146           1.000   36.5              0               0
        4       0.150           1.000   42.7              0               0
        5       0.133           1.000   53.5              0               0
        6       0.135           1.000   60.6              0               0
        7       0.148           1.000   63.2              0               0
        8       0.153           1.000   68.3              0               0
        9       0.159           1.000   72.7              0               0
        10      0.167           1.000   75.8              0               0

NNOMP

        d       Precision       Recall  total_tests     num_determined  num_overdetermined

        1       0.128           1.000   23.8              0               0
        2       0.196           0.995   26.2              0               0
        3       0.227           0.947   29.2              0               0
        4       0.263           0.825   31.2              0               0
        5       0.267           0.670   34.7              0               0
        6       0.285           0.580   37.0              0               0
        7       0.280           0.457   41.0              0               0
        8       0.288           0.401   43.7              0               0
        9       0.302           0.367   45.8              0               0
        10      0.298           0.331   49.5              0               0

NNOMP_random_cv

        d       Precision       Recall  total_tests     num_determined  num_overdetermined

        1       0.980           1.000   17.0              0               0
        2       0.939           0.925   18.1              0               0
        3       0.789           0.697   19.8              0               0
        4       0.634           0.425   22.3              0               0
        5       0.560           0.334   24.9              0               0
        6       0.517           0.253   27.6              0               0
        7       0.553           0.193   28.7              0               0
        8       0.440           0.189   34.2              0               0
        9       0.450           0.169   36.0              0               0
        10      0.419           0.106   39.9              0               0

combined_COMP_NNOMP_random_cv

        d       Precision       Recall  total_tests     num_determined  num_overdetermined

        1       0.926           1.000   17.1              0             100
        2       0.800           0.980   18.5              3              73
        3       0.711           0.860   20.2              4              21
        4       0.558           0.703   23.2              0               0
        5       0.489           0.558   26.2              0               0
        6       0.449           0.437   29.4              0               0
        7       0.433           0.360   32.2              0               0
        8       0.409           0.296   35.5              0               0
        9       0.404           0.251   38.3              0               0
        10      0.407           0.208   40.6              0               0

---------------------------------------------------------------------------------
n = 200, t = 46
No Noise

NNOMP   

        d       Precision       Recall  total_tests

        1       1.000           1.000   47.0
        2       0.997           1.000   48.0
        3       0.993           1.000   49.0
        4       0.992           1.000   50.0
        5       0.988           1.000   51.1
        6       0.982           1.000   52.1
        7       0.963           1.000   53.3
        8       0.939           1.000   54.5
        9       0.910           1.000   55.9
        10      0.877           1.000   57.4

n = 400, t = 46
No Noise

NNOMP   

        d       Precision       Recall  total_tests

        1       1.000           1.000   47.0
        2       0.962           1.000   48.1
        3       0.908           1.000   49.3
        4       0.894           1.000   50.5
        5       0.848           1.000   51.9
        6       0.793           0.999   53.6
        7       0.722           0.996   55.7
        8       0.606           0.980   59.2
        9       0.501           0.948   63.9
        10      0.411           0.891   70.3

n = 400, t = 46
With Noise

combined_COMP_NNOMP_random_cv

        d       Precision       Recall  total_tests

        1       1.000           1.000   47.0
        2       0.990           1.000   48.0
        3       0.961           0.997   49.1
        4       0.942           0.987   50.2
        5       0.898           0.980   51.6
        6       0.804           0.974   53.5
        7       0.680           0.955   56.3
        8       0.590           0.918   59.6
        9       0.538           0.863   62.7
        10      0.500           0.782   66.0

n = 500, t = 46
With Noise (which doesn't matter for COMP)

COMP

        d       Precision       Recall  total_tests

        1       1.000           1.000   47.0
        2       0.897           1.000   48.2
        3       0.661           1.000   50.5
        4       0.484           1.000   54.3
        5       0.373           1.000   59.4
        6       0.293           1.000   66.5
        7       0.243           1.000   74.8
        8       0.206           1.000   84.9
        9       0.181           1.000   95.8
        10      0.160           1.000   108.4

n = 500, t = 46
With Noise. prefer_recall=False

combined_COMP_NNOMP_random_cv

        d       Precision       Recall  total_tests

        1       1.000           1.000   47.0
        2       0.976           1.000   48.0
        3       0.952           1.000   49.1
        4       0.910           0.983   50.4
        5       0.838           0.980   52.0
        6       0.676           0.967   54.9
        7       0.610           0.910   57.5
        8       0.541           0.833   60.8
        9       0.499           0.779   64.1
        10      0.395           0.597   71.3

n = 500, t = 46
With noise. prefer_recall=True

combined_COMP_NNOMP_random_cv

        d       Precision       Recall  total_tests

        1       1.000           1.000   47.0
        2       0.943           1.000   48.1
        3       0.800           1.000   49.8
        4       0.657           0.990   52.1
        5       0.551           0.996   55.1
        6       0.488           0.992   58.3
        7       0.427           0.971   62.4
        8       0.400           0.934   66.0
        9       0.378           0.846   69.8
        10      0.319           0.759   77.3

