pool	 sample
1	 1
1	 9
1	 17
1	 25
1	 33
1	 41
1	 49
1	 57
1	 65
1	 73
1	 81
1	 89
1	 97
1	 105
1	 113
1	 121
1	 129
1	 137
1	 145
1	 153
1	 161
1	 169
1	 177
1	 185
1	 193
1	 201
1	 209
1	 217
1	 225
1	 233
1	 241
1	 249
1	 257
1	 265
1	 273
1	 281
1	 289
1	 297
1	 305
1	 313
1	 321
1	 329
1	 337
1	 345
1	 353
1	 361
1	 369
1	 377
2	 2
2	 10
2	 18
2	 26
2	 34
2	 42
2	 50
2	 58
2	 66
2	 74
2	 82
2	 90
2	 98
2	 106
2	 114
2	 122
2	 130
2	 138
2	 146
2	 154
2	 162
2	 170
2	 178
2	 186
2	 194
2	 202
2	 210
2	 218
2	 226
2	 234
2	 242
2	 250
2	 258
2	 266
2	 274
2	 282
2	 290
2	 298
2	 306
2	 314
2	 322
2	 330
2	 338
2	 346
2	 354
2	 362
2	 370
2	 378
3	 3
3	 11
3	 19
3	 27
3	 35
3	 43
3	 51
3	 59
3	 67
3	 75
3	 83
3	 91
3	 99
3	 107
3	 115
3	 123
3	 131
3	 139
3	 147
3	 155
3	 163
3	 171
3	 179
3	 187
3	 195
3	 203
3	 211
3	 219
3	 227
3	 235
3	 243
3	 251
3	 259
3	 267
3	 275
3	 283
3	 291
3	 299
3	 307
3	 315
3	 323
3	 331
3	 339
3	 347
3	 355
3	 363
3	 371
3	 379
4	 4
4	 12
4	 20
4	 28
4	 36
4	 44
4	 52
4	 60
4	 68
4	 76
4	 84
4	 92
4	 100
4	 108
4	 116
4	 124
4	 132
4	 140
4	 148
4	 156
4	 164
4	 172
4	 180
4	 188
4	 196
4	 204
4	 212
4	 220
4	 228
4	 236
4	 244
4	 252
4	 260
4	 268
4	 276
4	 284
4	 292
4	 300
4	 308
4	 316
4	 324
4	 332
4	 340
4	 348
4	 356
4	 364
4	 372
4	 380
5	 5
5	 13
5	 21
5	 29
5	 37
5	 45
5	 53
5	 61
5	 69
5	 77
5	 85
5	 93
5	 101
5	 109
5	 117
5	 125
5	 133
5	 141
5	 149
5	 157
5	 165
5	 173
5	 181
5	 189
5	 197
5	 205
5	 213
5	 221
5	 229
5	 237
5	 245
5	 253
5	 261
5	 269
5	 277
5	 285
5	 293
5	 301
5	 309
5	 317
5	 325
5	 333
5	 341
5	 349
5	 357
5	 365
5	 373
5	 381
6	 6
6	 14
6	 22
6	 30
6	 38
6	 46
6	 54
6	 62
6	 70
6	 78
6	 86
6	 94
6	 102
6	 110
6	 118
6	 126
6	 134
6	 142
6	 150
6	 158
6	 166
6	 174
6	 182
6	 190
6	 198
6	 206
6	 214
6	 222
6	 230
6	 238
6	 246
6	 254
6	 262
6	 270
6	 278
6	 286
6	 294
6	 302
6	 310
6	 318
6	 326
6	 334
6	 342
6	 350
6	 358
6	 366
6	 374
6	 382
7	 7
7	 15
7	 23
7	 31
7	 39
7	 47
7	 55
7	 63
7	 71
7	 79
7	 87
7	 95
7	 103
7	 111
7	 119
7	 127
7	 135
7	 143
7	 151
7	 159
7	 167
7	 175
7	 183
7	 191
7	 199
7	 207
7	 215
7	 223
7	 231
7	 239
7	 247
7	 255
7	 263
7	 271
7	 279
7	 287
7	 295
7	 303
7	 311
7	 319
7	 327
7	 335
7	 343
7	 351
7	 359
7	 367
7	 375
7	 383
8	 8
8	 16
8	 24
8	 32
8	 40
8	 48
8	 56
8	 64
8	 72
8	 80
8	 88
8	 96
8	 104
8	 112
8	 120
8	 128
8	 136
8	 144
8	 152
8	 160
8	 168
8	 176
8	 184
8	 192
8	 200
8	 208
8	 216
8	 224
8	 232
8	 240
8	 248
8	 256
8	 264
8	 272
8	 280
8	 288
8	 296
8	 304
8	 312
8	 320
8	 328
8	 336
8	 344
8	 352
8	 360
8	 368
8	 376
8	 384
9	 1
9	 10
9	 19
9	 28
9	 37
9	 46
9	 55
9	 64
9	 66
9	 73
9	 84
9	 91
9	 102
9	 109
9	 120
9	 127
9	 131
9	 140
9	 145
9	 154
9	 167
9	 176
9	 181
9	 190
9	 196
9	 203
9	 210
9	 217
9	 232
9	 239
9	 246
9	 253
9	 261
9	 270
9	 279
9	 288
9	 289
9	 298
9	 307
9	 316
9	 326
9	 333
9	 344
9	 351
9	 354
9	 361
9	 372
9	 379
10	 2
10	 9
10	 20
10	 27
10	 38
10	 45
10	 56
10	 63
10	 65
10	 74
10	 83
10	 92
10	 101
10	 110
10	 119
10	 128
10	 132
10	 139
10	 146
10	 153
10	 168
10	 175
10	 182
10	 189
10	 195
10	 204
10	 209
10	 218
10	 231
10	 240
10	 245
10	 254
10	 262
10	 269
10	 280
10	 287
10	 290
10	 297
10	 308
10	 315
10	 325
10	 334
10	 343
10	 352
10	 353
10	 362
10	 371
10	 380
11	 3
11	 12
11	 17
11	 26
11	 39
11	 48
11	 53
11	 62
11	 68
11	 75
11	 82
11	 89
11	 104
11	 111
11	 118
11	 125
11	 129
11	 138
11	 147
11	 156
11	 165
11	 174
11	 183
11	 192
11	 194
11	 201
11	 212
11	 219
11	 230
11	 237
11	 248
11	 255
11	 263
11	 272
11	 277
11	 286
11	 291
11	 300
11	 305
11	 314
11	 328
11	 335
11	 342
11	 349
11	 356
11	 363
11	 370
11	 377
12	 4
12	 11
12	 18
12	 25
12	 40
12	 47
12	 54
12	 61
12	 67
12	 76
12	 81
12	 90
12	 103
12	 112
12	 117
12	 126
12	 130
12	 137
12	 148
12	 155
12	 166
12	 173
12	 184
12	 191
12	 193
12	 202
12	 211
12	 220
12	 229
12	 238
12	 247
12	 256
12	 264
12	 271
12	 278
12	 285
12	 292
12	 299
12	 306
12	 313
12	 327
12	 336
12	 341
12	 350
12	 355
12	 364
12	 369
12	 378
13	 5
13	 14
13	 23
13	 32
13	 33
13	 42
13	 51
13	 60
13	 70
13	 77
13	 88
13	 95
13	 98
13	 105
13	 116
13	 123
13	 135
13	 144
13	 149
13	 158
13	 163
13	 172
13	 177
13	 186
13	 200
13	 207
13	 214
13	 221
13	 228
13	 235
13	 242
13	 249
13	 257
13	 266
13	 275
13	 284
13	 293
13	 302
13	 311
13	 320
13	 322
13	 329
13	 340
13	 347
13	 358
13	 365
13	 376
13	 383
14	 6
14	 13
14	 24
14	 31
14	 34
14	 41
14	 52
14	 59
14	 69
14	 78
14	 87
14	 96
14	 97
14	 106
14	 115
14	 124
14	 136
14	 143
14	 150
14	 157
14	 164
14	 171
14	 178
14	 185
14	 199
14	 208
14	 213
14	 222
14	 227
14	 236
14	 241
14	 250
14	 258
14	 265
14	 276
14	 283
14	 294
14	 301
14	 312
14	 319
14	 321
14	 330
14	 339
14	 348
14	 357
14	 366
14	 375
14	 384
15	 7
15	 16
15	 21
15	 30
15	 35
15	 44
15	 49
15	 58
15	 72
15	 79
15	 86
15	 93
15	 100
15	 107
15	 114
15	 121
15	 133
15	 142
15	 151
15	 160
15	 161
15	 170
15	 179
15	 188
15	 198
15	 205
15	 216
15	 223
15	 226
15	 233
15	 244
15	 251
15	 259
15	 268
15	 273
15	 282
15	 295
15	 304
15	 309
15	 318
15	 324
15	 331
15	 338
15	 345
15	 360
15	 367
15	 374
15	 381
16	 8
16	 15
16	 22
16	 29
16	 36
16	 43
16	 50
16	 57
16	 71
16	 80
16	 85
16	 94
16	 99
16	 108
16	 113
16	 122
16	 134
16	 141
16	 152
16	 159
16	 162
16	 169
16	 180
16	 187
16	 197
16	 206
16	 215
16	 224
16	 225
16	 234
16	 243
16	 252
16	 260
16	 267
16	 274
16	 281
16	 296
16	 303
16	 310
16	 317
16	 323
16	 332
16	 337
16	 346
16	 359
16	 368
16	 373
16	 382
17	 1
17	 11
17	 21
17	 31
17	 36
17	 42
17	 56
17	 62
17	 69
17	 79
17	 81
17	 91
17	 104
17	 110
17	 116
17	 122
17	 132
17	 138
17	 152
17	 158
17	 161
17	 171
17	 181
17	 191
17	 200
17	 206
17	 212
17	 218
17	 229
17	 239
17	 241
17	 251
17	 263
17	 269
17	 275
17	 281
17	 294
17	 304
17	 306
17	 316
17	 323
17	 329
17	 343
17	 349
17	 354
17	 364
17	 374
17	 384
18	 2
18	 12
18	 22
18	 32
18	 35
18	 41
18	 55
18	 61
18	 70
18	 80
18	 82
18	 92
18	 103
18	 109
18	 115
18	 121
18	 131
18	 137
18	 151
18	 157
18	 162
18	 172
18	 182
18	 192
18	 199
18	 205
18	 211
18	 217
18	 230
18	 240
18	 242
18	 252
18	 264
18	 270
18	 276
18	 282
18	 293
18	 303
18	 305
18	 315
18	 324
18	 330
18	 344
18	 350
18	 353
18	 363
18	 373
18	 383
19	 3
19	 9
19	 23
19	 29
19	 34
19	 44
19	 54
19	 64
19	 71
19	 77
19	 83
19	 89
19	 102
19	 112
19	 114
19	 124
19	 130
19	 140
19	 150
19	 160
19	 163
19	 169
19	 183
19	 189
19	 198
19	 208
19	 210
19	 220
19	 231
19	 237
19	 243
19	 249
19	 261
19	 271
19	 273
19	 283
19	 296
19	 302
19	 308
19	 314
19	 321
19	 331
19	 341
19	 351
19	 356
19	 362
19	 376
19	 382
20	 4
20	 10
20	 24
20	 30
20	 33
20	 43
20	 53
20	 63
20	 72
20	 78
20	 84
20	 90
20	 101
20	 111
20	 113
20	 123
20	 129
20	 139
20	 149
20	 159
20	 164
20	 170
20	 184
20	 190
20	 197
20	 207
20	 209
20	 219
20	 232
20	 238
20	 244
20	 250
20	 262
20	 272
20	 274
20	 284
20	 295
20	 301
20	 307
20	 313
20	 322
20	 332
20	 342
20	 352
20	 355
20	 361
20	 375
20	 381
21	 5
21	 15
21	 17
21	 27
21	 40
21	 46
21	 52
21	 58
21	 65
21	 75
21	 85
21	 95
21	 100
21	 106
21	 120
21	 126
21	 136
21	 142
21	 148
21	 154
21	 165
21	 175
21	 177
21	 187
21	 196
21	 202
21	 216
21	 222
21	 225
21	 235
21	 245
21	 255
21	 259
21	 265
21	 279
21	 285
21	 290
21	 300
21	 310
21	 320
21	 327
21	 333
21	 339
21	 345
21	 358
21	 368
21	 370
21	 380
22	 6
22	 16
22	 18
22	 28
22	 39
22	 45
22	 51
22	 57
22	 66
22	 76
22	 86
22	 96
22	 99
22	 105
22	 119
22	 125
22	 135
22	 141
22	 147
22	 153
22	 166
22	 176
22	 178
22	 188
22	 195
22	 201
22	 215
22	 221
22	 226
22	 236
22	 246
22	 256
22	 260
22	 266
22	 280
22	 286
22	 289
22	 299
22	 309
22	 319
22	 328
22	 334
22	 340
22	 346
22	 357
22	 367
22	 369
22	 379
23	 7
23	 13
23	 19
23	 25
23	 38
23	 48
23	 50
23	 60
23	 67
23	 73
23	 87
23	 93
23	 98
23	 108
23	 118
23	 128
23	 134
23	 144
23	 146
23	 156
23	 167
23	 173
23	 179
23	 185
23	 194
23	 204
23	 214
23	 224
23	 227
23	 233
23	 247
23	 253
23	 257
23	 267
23	 277
23	 287
23	 292
23	 298
23	 312
23	 318
23	 325
23	 335
23	 337
23	 347
23	 360
23	 366
23	 372
23	 378
24	 8
24	 14
24	 20
24	 26
24	 37
24	 47
24	 49
24	 59
24	 68
24	 74
24	 88
24	 94
24	 97
24	 107
24	 117
24	 127
24	 133
24	 143
24	 145
24	 155
24	 168
24	 174
24	 180
24	 186
24	 193
24	 203
24	 213
24	 223
24	 228
24	 234
24	 248
24	 254
24	 258
24	 268
24	 278
24	 288
24	 291
24	 297
24	 311
24	 317
24	 326
24	 336
24	 338
24	 348
24	 359
24	 365
24	 371
24	 377
25	 1
25	 12
25	 23
25	 30
25	 40
25	 45
25	 50
25	 59
25	 70
25	 79
25	 84
25	 89
25	 99
25	 106
25	 117
25	 128
25	 130
25	 139
25	 152
25	 157
25	 167
25	 174
25	 177
25	 188
25	 197
25	 208
25	 211
25	 218
25	 228
25	 233
25	 246
25	 255
25	 259
25	 266
25	 277
25	 288
25	 294
25	 303
25	 308
25	 313
25	 328
25	 333
25	 338
25	 347
25	 353
25	 364
25	 375
25	 382
26	 2
26	 11
26	 24
26	 29
26	 39
26	 46
26	 49
26	 60
26	 69
26	 80
26	 83
26	 90
26	 100
26	 105
26	 118
26	 127
26	 129
26	 140
26	 151
26	 158
26	 168
26	 173
26	 178
26	 187
26	 198
26	 207
26	 212
26	 217
26	 227
26	 234
26	 245
26	 256
26	 260
26	 265
26	 278
26	 287
26	 293
26	 304
26	 307
26	 314
26	 327
26	 334
26	 337
26	 348
26	 354
26	 363
26	 376
26	 381
27	 3
27	 10
27	 21
27	 32
27	 38
27	 47
27	 52
27	 57
27	 72
27	 77
27	 82
27	 91
27	 97
27	 108
27	 119
27	 126
27	 132
27	 137
27	 150
27	 159
27	 165
27	 176
27	 179
27	 186
27	 199
27	 206
27	 209
27	 220
27	 226
27	 235
27	 248
27	 253
27	 257
27	 268
27	 279
27	 286
27	 296
27	 301
27	 306
27	 315
27	 326
27	 335
27	 340
27	 345
27	 355
27	 362
27	 373
27	 384
28	 4
28	 9
28	 22
28	 31
28	 37
28	 48
28	 51
28	 58
28	 71
28	 78
28	 81
28	 92
28	 98
28	 107
28	 120
28	 125
28	 131
28	 138
28	 149
28	 160
28	 166
28	 175
28	 180
28	 185
28	 200
28	 205
28	 210
28	 219
28	 225
28	 236
28	 247
28	 254
28	 258
28	 267
28	 280
28	 285
28	 295
28	 302
28	 305
28	 316
28	 325
28	 336
28	 339
28	 346
28	 356
28	 361
28	 374
28	 383
29	 5
29	 16
29	 19
29	 26
29	 36
29	 41
29	 54
29	 63
29	 66
29	 75
29	 88
29	 93
29	 103
29	 110
29	 113
29	 124
29	 134
29	 143
29	 148
29	 153
29	 163
29	 170
29	 181
29	 192
29	 193
29	 204
29	 215
29	 222
29	 232
29	 237
29	 242
29	 251
29	 263
29	 270
29	 273
29	 284
29	 290
29	 299
29	 312
29	 317
29	 324
29	 329
29	 342
29	 351
29	 357
29	 368
29	 371
29	 378
30	 6
30	 15
30	 20
30	 25
30	 35
30	 42
30	 53
30	 64
30	 65
30	 76
30	 87
30	 94
30	 104
30	 109
30	 114
30	 123
30	 133
30	 144
30	 147
30	 154
30	 164
30	 169
30	 182
30	 191
30	 194
30	 203
30	 216
30	 221
30	 231
30	 238
30	 241
30	 252
30	 264
30	 269
30	 274
30	 283
30	 289
30	 300
30	 311
30	 318
30	 323
30	 330
30	 341
30	 352
30	 358
30	 367
30	 372
30	 377
31	 7
31	 14
31	 17
31	 28
31	 34
31	 43
31	 56
31	 61
31	 68
31	 73
31	 86
31	 95
31	 101
31	 112
31	 115
31	 122
31	 136
31	 141
31	 146
31	 155
31	 161
31	 172
31	 183
31	 190
31	 195
31	 202
31	 213
31	 224
31	 230
31	 239
31	 244
31	 249
31	 261
31	 272
31	 275
31	 282
31	 292
31	 297
31	 310
31	 319
31	 322
31	 331
31	 344
31	 349
31	 359
31	 366
31	 369
31	 380
32	 8
32	 13
32	 18
32	 27
32	 33
32	 44
32	 55
32	 62
32	 67
32	 74
32	 85
32	 96
32	 102
32	 111
32	 116
32	 121
32	 135
32	 142
32	 145
32	 156
32	 162
32	 171
32	 184
32	 189
32	 196
32	 201
32	 214
32	 223
32	 229
32	 240
32	 243
32	 250
32	 262
32	 271
32	 276
32	 281
32	 291
32	 298
32	 309
32	 320
32	 321
32	 332
32	 343
32	 350
32	 360
32	 365
32	 370
32	 379
33	 1
33	 13
33	 20
33	 32
33	 39
33	 43
33	 54
33	 58
33	 71
33	 75
33	 86
33	 90
33	 97
33	 109
33	 116
33	 128
33	 136
33	 140
33	 149
33	 153
33	 162
33	 174
33	 179
33	 191
33	 194
33	 206
33	 211
33	 223
33	 232
33	 236
33	 245
33	 249
33	 262
33	 266
33	 279
33	 283
33	 292
33	 304
33	 305
33	 317
33	 324
33	 336
33	 337
33	 349
33	 358
33	 362
33	 375
33	 379
34	 2
34	 14
34	 19
34	 31
34	 40
34	 44
34	 53
34	 57
34	 72
34	 76
34	 85
34	 89
34	 98
34	 110
34	 115
34	 127
34	 135
34	 139
34	 150
34	 154
34	 161
34	 173
34	 180
34	 192
34	 193
34	 205
34	 212
34	 224
34	 231
34	 235
34	 246
34	 250
34	 261
34	 265
34	 280
34	 284
34	 291
34	 303
34	 306
34	 318
34	 323
34	 335
34	 338
34	 350
34	 357
34	 361
34	 376
34	 380
35	 3
35	 15
35	 18
35	 30
35	 37
35	 41
35	 56
35	 60
35	 69
35	 73
35	 88
35	 92
35	 99
35	 111
35	 114
35	 126
35	 134
35	 138
35	 151
35	 155
35	 164
35	 176
35	 177
35	 189
35	 196
35	 208
35	 209
35	 221
35	 230
35	 234
35	 247
35	 251
35	 264
35	 268
35	 277
35	 281
35	 290
35	 302
35	 307
35	 319
35	 322
35	 334
35	 339
35	 351
35	 360
35	 364
35	 373
35	 377
36	 4
36	 16
36	 17
36	 29
36	 38
36	 42
36	 55
36	 59
36	 70
36	 74
36	 87
36	 91
36	 100
36	 112
36	 113
36	 125
36	 133
36	 137
36	 152
36	 156
36	 163
36	 175
36	 178
36	 190
36	 195
36	 207
36	 210
36	 222
36	 229
36	 233
36	 248
36	 252
36	 263
36	 267
36	 278
36	 282
36	 289
36	 301
36	 308
36	 320
36	 321
36	 333
36	 340
36	 352
36	 359
36	 363
36	 374
36	 378
37	 5
37	 9
37	 24
37	 28
37	 35
37	 47
37	 50
37	 62
37	 67
37	 79
37	 82
37	 94
37	 101
37	 105
37	 120
37	 124
37	 132
37	 144
37	 145
37	 157
37	 166
37	 170
37	 183
37	 187
37	 198
37	 202
37	 215
37	 219
37	 228
37	 240
37	 241
37	 253
37	 258
37	 270
37	 275
37	 287
37	 296
37	 300
37	 309
37	 313
37	 328
37	 332
37	 341
37	 345
37	 354
37	 366
37	 371
37	 383
38	 6
38	 10
38	 23
38	 27
38	 36
38	 48
38	 49
38	 61
38	 68
38	 80
38	 81
38	 93
38	 102
38	 106
38	 119
38	 123
38	 131
38	 143
38	 146
38	 158
38	 165
38	 169
38	 184
38	 188
38	 197
38	 201
38	 216
38	 220
38	 227
38	 239
38	 242
38	 254
38	 257
38	 269
38	 276
38	 288
38	 295
38	 299
38	 310
38	 314
38	 327
38	 331
38	 342
38	 346
38	 353
38	 365
38	 372
38	 384
39	 7
39	 11
39	 22
39	 26
39	 33
39	 45
39	 52
39	 64
39	 65
39	 77
39	 84
39	 96
39	 103
39	 107
39	 118
39	 122
39	 130
39	 142
39	 147
39	 159
39	 168
39	 172
39	 181
39	 185
39	 200
39	 204
39	 213
39	 217
39	 226
39	 238
39	 243
39	 255
39	 260
39	 272
39	 273
39	 285
39	 294
39	 298
39	 311
39	 315
39	 326
39	 330
39	 343
39	 347
39	 356
39	 368
39	 369
39	 381
40	 8
40	 12
40	 21
40	 25
40	 34
40	 46
40	 51
40	 63
40	 66
40	 78
40	 83
40	 95
40	 104
40	 108
40	 117
40	 121
40	 129
40	 141
40	 148
40	 160
40	 167
40	 171
40	 182
40	 186
40	 199
40	 203
40	 214
40	 218
40	 225
40	 237
40	 244
40	 256
40	 259
40	 271
40	 274
40	 286
40	 293
40	 297
40	 312
40	 316
40	 325
40	 329
40	 344
40	 348
40	 355
40	 367
40	 370
40	 382
41	 1
41	 14
41	 18
41	 29
41	 35
41	 48
41	 52
41	 63
41	 72
41	 75
41	 87
41	 92
41	 102
41	 105
41	 117
41	 122
41	 134
41	 137
41	 149
41	 154
41	 168
41	 171
41	 183
41	 188
41	 195
41	 208
41	 212
41	 223
41	 225
41	 238
41	 242
41	 253
41	 258
41	 269
41	 273
41	 286
41	 292
41	 303
41	 307
41	 320
41	 327
41	 332
41	 344
41	 347
41	 357
41	 362
41	 374
41	 377
42	 2
42	 13
42	 17
42	 30
42	 36
42	 47
42	 51
42	 64
42	 71
42	 76
42	 88
42	 91
42	 101
42	 106
42	 118
42	 121
42	 133
42	 138
42	 150
42	 153
42	 167
42	 172
42	 184
42	 187
42	 196
42	 207
42	 211
42	 224
42	 226
42	 237
42	 241
42	 254
42	 257
42	 270
42	 274
42	 285
42	 291
42	 304
42	 308
42	 319
42	 328
42	 331
42	 343
42	 348
42	 358
42	 361
42	 373
42	 378
43	 3
43	 16
43	 20
43	 31
43	 33
43	 46
43	 50
43	 61
43	 70
43	 73
43	 85
43	 90
43	 104
43	 107
43	 119
43	 124
43	 136
43	 139
43	 151
43	 156
43	 166
43	 169
43	 181
43	 186
43	 193
43	 206
43	 210
43	 221
43	 227
43	 240
43	 244
43	 255
43	 260
43	 271
43	 275
43	 288
43	 290
43	 301
43	 305
43	 318
43	 325
43	 330
43	 342
43	 345
43	 359
43	 364
43	 376
43	 379
44	 4
44	 15
44	 19
44	 32
44	 34
44	 45
44	 49
44	 62
44	 69
44	 74
44	 86
44	 89
44	 103
44	 108
44	 120
44	 123
44	 135
44	 140
44	 152
44	 155
44	 165
44	 170
44	 182
44	 185
44	 194
44	 205
44	 209
44	 222
44	 228
44	 239
44	 243
44	 256
44	 259
44	 272
44	 276
44	 287
44	 289
44	 302
44	 306
44	 317
44	 326
44	 329
44	 341
44	 346
44	 360
44	 363
44	 375
44	 380
45	 5
45	 10
45	 22
45	 25
45	 39
45	 44
45	 56
45	 59
45	 68
45	 79
45	 83
45	 96
45	 98
45	 109
45	 113
45	 126
45	 130
45	 141
45	 145
45	 158
45	 164
45	 175
45	 179
45	 192
45	 199
45	 204
45	 216
45	 219
45	 229
45	 234
45	 246
45	 249
45	 262
45	 265
45	 277
45	 282
45	 296
45	 299
45	 311
45	 316
45	 323
45	 336
45	 340
45	 351
45	 353
45	 366
45	 370
45	 381
46	 6
46	 9
46	 21
46	 26
46	 40
46	 43
46	 55
46	 60
46	 67
46	 80
46	 84
46	 95
46	 97
46	 110
46	 114
46	 125
46	 129
46	 142
46	 146
46	 157
46	 163
46	 176
46	 180
46	 191
46	 200
46	 203
46	 215
46	 220
46	 230
46	 233
46	 245
46	 250
46	 261
46	 266
46	 278
46	 281
46	 295
46	 300
46	 312
46	 315
46	 324
46	 335
46	 339
46	 352
46	 354
46	 365
46	 369
46	 382
47	 7
47	 12
47	 24
47	 27
47	 37
47	 42
47	 54
47	 57
47	 66
47	 77
47	 81
47	 94
47	 100
47	 111
47	 115
47	 128
47	 132
47	 143
47	 147
47	 160
47	 162
47	 173
47	 177
47	 190
47	 197
47	 202
47	 214
47	 217
47	 231
47	 236
47	 248
47	 251
47	 264
47	 267
47	 279
47	 284
47	 294
47	 297
47	 309
47	 314
47	 321
47	 334
47	 338
47	 349
47	 355
47	 368
47	 372
47	 383
48	 8
48	 11
48	 23
48	 28
48	 38
48	 41
48	 53
48	 58
48	 65
48	 78
48	 82
48	 93
48	 99
48	 112
48	 116
48	 127
48	 131
48	 144
48	 148
48	 159
48	 161
48	 174
48	 178
48	 189
48	 198
48	 201
48	 213
48	 218
48	 232
48	 235
48	 247
48	 252
48	 263
48	 268
48	 280
48	 283
48	 293
48	 298
48	 310
48	 313
48	 322
48	 333
48	 337
48	 350
48	 356
48	 367
48	 371
48	 384
