0
0
0
0
0
0
0
0
0
0
0
30.25581028
0
0
0
0
0
0
0
30.15520981
0
0
0
0
0
29.88994726
0
0
29.94009195
0
0
0
0
31.26080525
0
0
0
0
32.76550069
0
30.83210816
0
0
30.13987946
31.03421439
0
0
29.9614525
29.0320152
0
0
29.13284435
0
0
31.48002154
0
31.24707006
0
31.23044641
0
0
29.86366102
0
29.90142413
31.83855678
0
0
0
31.91952904
0
0
0
0
0
31.35408009
0
0
0
0
31.65185196
29.93034098
0
0
0
0
30.19024629
0
0
0
29.67583214
