  37  56  76          24  58  59          26  28  69           3   9  69        
  20  80  85          61  77  90           3  29  48          40  42  62        
  18  74  83          20  45  65          38  45  73          37  59  85        
  49  54  68          49  83  84           0  35  89          24  26  36        
  48  66  95          37  74  75          22  62  67          14  22  65        
  34  50  90           2   3  67          15  80  82          12  17  76        
  14  31  73          12  25  44          39  64  90          13  27  75        
   7  41  58          43  62  82          19  85  91           5  28  90        
  38  57  72          38  68  95          41  72  86           0  57  83        
  25  29  46          15  47  92           9  21  92          25  34  82        
  33  77  88          23  46  48          60  76  79           6  52  86        
  39  55  89          32  41  50          44  57  94          54  63  71        
  45  51  52          53  63  91           2   6  25          31  58  66        
   8  17  40          27  57  71          43  49  77          77  92  95        
   2  10  93           4  73  89           1  36  58          32  53  64        
  22  28  91          19  51  76          10  42  71          46  49  50        
   9  43  94           1   6  35          17  27  59           2  44  81        
   4  21  27          14  87  94           5  33  46          15  51  56        
  19  62  69          11  17  36           7  55  88          10  73  88        
  30  32  92          13  26  54          31  56  84          74  84  87        
  44  47  84          34  55  81          40  75  81          18  29  61        
   1  13  81           9  64  70          11  16  61          19  47  70        
  35  60  75          39  56  79          23  24  70          16  30  38        
   0  24  86           5  40  66          20  68  93          20  33  43        
   5  15  16          18  33  69           8  34  52          45  72  89        
   6  11  63           8  60  78          37  63  87           1  11  60        
  53  70  79          28  52  88          47  50  66           4  39  91        
  67  78  87          21  31  80          18  32  65           7  48  94        
  12  61  64          10  30  72           4  13  51           8  35  68        
  23  42  82          22  85  93          14  78  95          21  55  93        
   3  26  71           7  29  86          30  54  74          23  41  67        
  36  59  65           0  16  42          12  53  83          78  79  80        

   0  60  95          46  56  93          16  59  68           2  15  78        
  10  16  84          13  31  70          36  88  90          35  40  55        
  35  51  87          35  67  94          65  84  92           8  29  76        
  20  47  79          40  48  64          44  48  54          25  62  63        
  45  49  64           9  50  79          19  38  71           0  56  85        
  22  41  54          32  52  87          29  41  49           3  38  92        
  15  58  75           4  38  65          11  70  89          31  34  37        
   9  53  61          29  42  90          25  50  72           6  58  95        
  38  81  82          25  43  88           6  17  77          49  52  73        
   2   4  40           6  15  72          22  58  73          18  27  72        
  23  85  89          18  45  92           2  45  57          12  90  94        
   6  78  90           8  30  77          43  80  87           9  28  41        
   7  30  70          39  41  81           0  12  13          14  59  71        
  13  56  86          19  33  84           1  75  78          16  43  48        
  19  93  94          36  55  63          23  31  52          64  81  93        
  29  62  65          11  69  75          56  61  95          10  19  20        
  24  34  48           5  26  73           7  34  63          51  79  84        
  27  28  32          14  27  89           4  18  93           4  42  60        
  17  26  55          22  59  60          76  86  91          30  66  80        
  36  66  73          10  24  49          60  69  74           1   5  74        
  37  46  67          54  76  85          20  46  83          36  70  87        
   1  72  83          12  74  82          15  79  81          61  75  86        
  14  44  52          28  53  68           5  62  94          39  65  69        
   3  21  43          17  47  95          27  39  66          32  67  68        
  11  25  92          21  62  83          14  24  35           7  22  23        
   5  39  88           0   2  20          10  47  51          24  45  53        
   8  33  71          23  58  80          28  37  42          46  54  82        
  74  76  77           7  16  91          21  26  30          17  21  89        
  57  59  91          37  78  86           3  32  40          11  26  91        
  42  63  68           1  34  61           8  64  67          13  57  88        
  12  18  80          44  51  71          33  53  82          44  50  77        
  31  50  69           3  57  66           9  55  85          33  47  83        

  43  81  95          29  53  89          60  68  90          16  39  70        
  37  49  66          31  61  85          78  89  93           2  51  58        
  44  68  70          11  23  81           5  71  83          21  36  37        
  34  54  56          49  51  59          30  46  85          32  84  85        
  22  64  71          20  39  58          14  74  91           3   4  82        
  18  30  78           3  64  94           8  81  84           7  18  54        
   5  27  53          13  17  32          23  55  69           5  42  59        
  82  89  92           5   8  18          61  72  94          44  72  73        
  36  69  91          45  70  83          43  54  65          23  68  88        
  17  42  51          16  55  66           6   9  36          20  81  92        
  21  25  75          12  38  43          18  25  53          31  35  74        
  48  50  52          26  46  86          21  33  42          12  29  50        
  11  65  94          42  52  67          16  35  50          48  55  71        
   3  55  61          28  40  74           3  10  70          19  28  89        
  16  33  45           7  36  71           1  12  20          26  66  79        
  10  74  79          33  50  91          41  44  75          49  53  75        
   2  39  72          27  68  73          13  39  47          15  45  86        
   4  14  86          69  93  95          45  79  82          34  60  93        
   7  57  76          75  77  84           4  31  57           8  41  87        
  31  40  59          14  19  72          11  56  67          13  30  95        
  58  83  87           1  30  79           0  51  88           9  77  80        
  26  77  93          21  65  82          27  34  64           1  33  90        
  67  84  90          34  41  80          15  48  76           0  38  64        
  19  23  29          10  60  87          22  32  63          46  61  63        
   6  60  80          22  48  57          19  26  49          62  76  78        
   1  85  88           2   9  62           2  37  77          27  52  91        
   8  13  38          35  37  47           7  59  66          22  47  69        
   9  20  32           0  25  76          24  62  92          14  40  56        
   0  15  63          56  90  92          28  29  87           6  10  94        
  24  41  73          24  63  78          73  86  95          17  43  67        
  12  28  47          15  44  88          17  38  58          25  57  65        
  35  46  62           4   6  54          40  52  80          11  24  83        

  25  69  79          45  60  71          11  41  93           7  31  87        
  53  81  90           3  14  49           0  62  77          12  57  68        
  37  48  61          16  41  83          53  55  95          20  26  64        
  22  30  87           4  43  69           7  40  51          49  71  85        
  26  56  62          75  76  87          29  54  57           4   9  11        
   5  38  80           0   8  91           1   4  52          34  73  79        
  32  35  70          70  88  95          26  27  92          51  65  75        
  14  42  43          18  46  81           9  34  68          47  89  90        
  17  49  60          34  42  89          17  28  61          13  52  93        
  33  68  94          19  64  66          32  44  58          17  30  50        
   3  39  76          36  85  86           8  16  82           5  29  84        
   4   7  74          28  50  82          30  43  90           0  66  82        
  27  29  58          23  30  93          10  63  85          24  69  76        
  24  40  91           2  59  92          15  19  83           1  43  70        
  28  57  84          63  73  90          48  74  80          21  45  94        
  72  77  82          24  51  57           2  22  50          27  36  60        
  47  59  63           5  25  55          35  65  72          22  88  92        
   2  11  52          27  31  47          25  36  94          25  48  83        
   6   8  23           6  65  67          31  39  71          55  59  86        
  20  34  88          10  40  58          14  46  70          14  23  32        
  67  71  92          21  35  78          42  69  86          33  62  74        
   9  10  45          33  52  54          24  66  81           3   6  37        
  51  64  85          26  37  84          13  37  89          16  63  72        
  13  55  73          32  48  62          18  23  91           2  28  95        
   0  18  41          13  15  53          21  67  79          44  67  91        
  54  66  83           7  56  77          60  73  84          10  41  46        
  12  15  93          38  61  79           3  12  33          19  40  54        
  44  65  86          29  68  74          47  49  76          18  38  42        
  21  46  95           9  12  22           6  45  75          61  80  81        
  36  50  78           1  80  94           5  56  64           8  15  39        
  19  31  75          17  20  72          59  78  88          58  77  78        
   1  16  89          11  39  44          20  38  87          35  53  56        

  26  35  76          16  25  95           3  87  95          40  60  63        
   5  19  81          30  33  86          17  57  62          38  59  62        
  16  31  32           2  14  83           9  29  88          12  45  55        
   7  72  85          31  49  82          16  20  52          18  48  75        
  18  34  36           4  77  79          36  48  72          80  83  88        
   2  12  91           8  26  32          22  25  31           4  44  92        
  20  70  94          46  52  66          19  30  59           1  65  66        
   6  13  44          34  43  84          11  14  34           5  22  77        
  11  54  62          20  44  69          40  69  92          33  72  79        
  27  63  95          40  68  89           8  12  56          29  30  69        
   0  48  53          42  56  80          23  60  66          50  81  87        
  21  23  49          22  38  75          47  54  73           0  67  74        
  57  86  90           3  73  74          21  44  76           7  24  47        
  43  71  74           0  28  78          10  64  65          21  52  90        
   3  79  89          17  81  94          37  71  94          10  56  89        
   8  28  75          10  21  91           1   7  28          34  57  95        
  37  83  92          13  29  63          63  75  80          11  19  42        
  17  24  80           6  24  71          43  61  68           8  14  37        
  41  59  69           1  47  48           4  45  46           2  31  76        
  14  29  64          27  50  85           0   5  79          17  78  85        
  10  22  66           9  19  39          53  84  93          36  39  43        
  61  84  88          62  87  93           6  33  55          25  35  84        
   4  47  87          23  45  76          15  38  50           9  27  49        
  38  46  60          18  35  59           2  18  24           3  23  54        
   1  56  82          55  72  90          39  67  77          70  73  93        
  25  33  67          53  58  65          32  49  89          26  58  61        
  42  45  93          15  54  70          26  41  82          32  71  86        
   9  30  40          41  57  61          13  78  91          15  46  91        
  39  50  51          11  12  37          27  35  90          13  20  82        
  15  52  77           7  64  92          42  70  85          51  53  94        
  55  58  68          60  67  88          58  74  81           6  16  28        
  65  73  78           5  36  51          51  83  86          41  64  68        

   3  63  93          21  53  73          37  44  95           1  42  49        
  28  79  85           1  40  67          51  70  90          12  27  40        
   2  23  47          28  43  44          20  31  53          54  72  78        
   9  25  60           7  12  46          18  39  60           0  70  80        
  43  46  58          19  57  82          30  36  57          13  34  77        
  17  90  91           4  24  56           5  50  92           8  57  69        
  14  33  51           8  48  70          28  72  93           5  10  17        
  13  24  84          25  66  93          49  65  80           6  38  41        
  27  44  61          65  71  90           8  79  83           7  14  21        
  15  55  62          45  68  87          12  73  85          18  31  79        
  21  56  88          34  51  78          13  66  71          50  56  83        
  16  64  87          31  63  88          10  52  82           4  75  95        
   1  18  19           9  14  26          25  78  81          45  84  91        
   4  10  50          15  69  85           6  56  87          22  55  74        
  31  41  95          32  54  55          17  22  45          25  30  52        
  29  40  70          18  49  94          42  54  91          15  24  37        
  66  68  77          30  39  61          46  77  89          29  59  73        
  32  76  94          35  77  81           0  29  55          16  47  71        
  22  36  83          13  58  92          26  63  94          26  85  87        
  26  34  74           5  72  75           4  15  41          20  62  86        
   0  69  73          29  36  38           3  19  68          11  58  90        
  30  45  48          47  60  86           7  33  35          23  39  53        
  11  38  78           2  27  42           2  43  75          19  63  67        
  53  72  80          10  76  83          23  61  62           9  33  76        
   5   6  49          20  37  91          14  38  48          36  44  46        
  12  54  67          11  50  59           9  59  67          43  92  93        
  71  75  89          41  52  74           1  24  32          32  51  66        
   8  42  92          80  84  95          11  76  84          48  68  82        
  52  59  81           3  16  17          64  86  88           2  60  94        
  39  82  86           6  62  89          21  58  69          28  35  64        
  20  35  57           0  22  33          34  40  47           3  81  88        
   7  37  65          23  64  79          16  27  74          61  65  89        

  33  44  89          24  46  55          23  27  51          40  50  93        
  27  55  76          42  73  81          18  58  89          31  54  94        
   4  32  37          17  31  64           1  37  55          18  37  68        
   6  64  84          25  38  40          25  39  42          16  80  92        
   3  15  18          33  49  63          48  79  86          47  72  88        
  50  74  86          29  43  56          40  49  88           7  10  13        
  42  48  58          58  76  88          16  65  77          53  62  85        
  14  63  81          12  32  95           8  72  95          15  23  43        
   0  10  11          22  61  82           7  38  67           8  22  24        
  49  70  91          39  59  93          28  63  83           1   3  25        
  20  29  67           4  30  68           3  34  91          19  35  73        
  34  66  92          20  66  78          45  54  59          30  34  44        
   9  71  73          10  35  92          22  52  53          12  26  59        
  22  56  94          52  70  71           9  13  90           2  48  49        
   7  82  90           5  41  47          12  62  70           9  65  83        
  35  41  85          11  13  79          26  68  75          11  29  77        
  69  77  87           0  50  94          21  60  85          70  78  82        
   2  17  19          16  67  69          19  24  87          56  63  66        
   1  46  51           8  19  21          44  66  74          14  41  90        
  16  26  53          51  89  91          15  35  36          32  39  45        
  75  88  93          28  48  65          33  64  80          58  71  84        
  23  38  83          23  72  87           0  47  93          21  81  86        
  13  68  72          34  45  62          14  61  69          28  51  67        
  25  59  80           6  27  83          46  73  94          36  42  74        
  21  39  57           9  57  75           5  32  82          57  60  64        
   8  45  47          54  80  86          20  50  71           5  87  91        
  40  61  78          15  74  90           2  30  56          27  38  69        
  30  31  65           3   7  84          11  43  57          17  33  75        
  24  54  95          14  36  77           6  76  92           0  52  61        
   5  12  60          18  44  85          10  31  81           6  46  79        
  43  52  79           1   2  26           4  29  78          76  89  95        
  28  36  62          37  53  60          17  41  84           4  20  55        

   9  35  58           1  10  86           6   7  32          25  49  90        
  42  57  79           2  32  38          15  33  60          10  26  33        
  59  87  89          26  29  31          61  91  93          31  38  44        
  12  71  72          25  54  64          55  82  87          19  27  80        
  15  27  67           3  20  42          11  27  30          35  45  63        
   2  34  85          24  75  82           9  42  66          62  66  91        
  33  40  73           5  35  43          12  52  89          12  51  77        
  32  83  93          22  34  76          47  65  68          24  29  52        
   8  31  86          14  15  68          16  21  54          54  69  89        
  18  52  64          55  92  94          13  41  48          47  61  74        
  14  50  88           0  19  36          69  70  72           2  68  86        
  19  44  55          41  63  89           2  35  80           5   7  93        
   7  17  39          27  37  79          24  77  85          14  20  28        
   3  28  45          40  46  84          29  45  81          15  40  57        
  36  56  68          48  90  93          19  43  78          30  41  94        
  41  91  92           7  61  83          28  49  86          60  82  83        
   0  37  43          45  56  69          46  59  64           1  23  50        
   1  21  84           4  12  23           4  71  88          65  79  88        
  23  78  94           9  47  91          36  53  67           4  17  53        
  30  76  82           6  39  73           0   1  17           6  59  70        
   4  22  81           8  51  80          23  37  57           0  34  71        
  20  51  54          13  65  85           5  44  63          48  78  92        
  16  49  62          52  58  62          18  62  84          39  46  87        
  46  75  90          33  57  87          22  26  40          18  22  95        
  26  60  65          11  66  72           8  50  58          42  72  84        
  10  48  77          16  60  81          79  94  95          58  67  85        
   5  13  69          21  59  77          34  39  75          11  21  32        
   6  53  66          49  67  95          10  14  25           9  56  81        
  11  74  95          44  53  78          51  74  92          13  64  76        
  24  25  61          17  74  88          20  56  73           8  43  55        
  38  63  70          28  30  71          38  76  90          16  37  73        
  29  47  80          18  50  70           3  31  83           3  36  75        

   2  54  87          26  45  90          15  59  94          12  34  65        
  17  37  69          20  48  63           6  14  30           4  62  80        
  40  53  71          14  47  58          28  54  77          21  66  87        
  19  45  58          19  52  95          13  42  61          13  14  67        
  39  84  94          57  74  78           3   5  85          15  25  89        
  28  56  59          32  72  91          18  21  40           0  26  81        
   1  15  73          15  30  42          67  72  81           3  46  72        
   0  30  49           8  59  61          10  39  68           2  69  84        
   7  26  78           1  38  53          83  90  95          35  79  93        
  31  67  93           3  41  77          33  66  70          40  41  76        
  29  33  34          29  37  51          52  55  60          22  27  86        
  70  75  92          67  75  83          25  41  51          71  82  91        
  42  50  76          12  66  69           0  44  45          29  44  60        
  41  55  65          40  43  85          32  36  47           8  85  90        
  38  66  85          24  88  89           2  53  74          11  48  73        
   6  12  48           0   6  21           7  20  75          38  47  94        
  23  44  90           9  44  82          26  57  89          10  59  75        
  20  25  27          46  68  76          11  22  80          64  78  83        
   9  63  74           2  33  65          19  50  65          17  52  68        
  35  91  95          28  73  80           1   8  27          36  49  61        
  47  52  57          49  79  87          31  43  91          32  33  56        
  11  46  88          17  54  93          49  56  58          20  23  95        
  22  51  72           4  34  94          23  73  92          18  43  63        
   8  10  62           7  62  81          48  87  88           1  54  92        
   4  36  64           5  11  86          24  38  93           9  16  51        
   3  13  80          25  56  71          46  69  71           7  50  53        
  68  81  83          50  55  64          34  35  86          31  42  77        
   5  21  61          13  16  18          12  63  79          37  45  88        
  43  86  89          22  35  39           4  16  76           5  30  58        
  32  60  77          27  70  84           9  78  84          55  57  70        
  14  18  82          10  23  36          37  62  64          24  28  39        
  16  24  79          31  60  92          17  29  82           6  19  74        

  64  74  89          63  64  69           0  31  46           5  68  78        
  49  55  78          43  73  76          21  38  74          22  37  70        
  19  61  92           4  58  70          41  60  70          28  76  81        
   6  51  81          13  21  22          15  26  95          16  57  93        
  21  28  70          37  80  90          29  32  75          40  45  77        
  36  82  95           5  48  89          39  40  83          42  44  64        
  10  43  53          46  47  78          12  42  87          25  26  47        
  17  34  46          25  68  91          18  55  56          12  24  31        
   7  68  69          15  32  61           3   8  65          52  85  92        
   5  67  76          31  51  55          19  77  86          10  32  34        
  35  38  54          18  57  77           4  25  28           2  36  79        
  41  45  66          10  28  38           1  71  93          58  91  94        
  12  16  58           2  16  29          27  82  94           7  11  15        
  23  63  86           7  44  79           2   7  73          35  69  82        
  11  18  71          86  87  92          35  44  49           4   8  49        
   1  14  62          26  50  67           5   9  37          43  60  72        
   0   4  72          20  49  74          17  63  92          19  46  53        
  26  44  80           1  39  95           6  88  91           0   3  90        
  15  22  84           9  17  23          24  43  50           1   9  87        
  33  37  39           3  11  53          58  64  72          21  51  63        
  24  30  60          24  42  65          53  59  76          38  84  86        
   9  31  48          19  56  60          45  61  67          62  73  75        
  77  83  91           8  36  93          13  33  36          50  80  89        
  29  85  94           6  40  82          52  69  78          33  48  59        
  20  40  90          41  62  71          54  79  90          29  71  95        
  13  25  87          27  33  81          11  51  68          18  66  67        
  27  65  93          12  30  75          16  23  34           6  20  61        
  50  57  73          34  59  72          20  22  89          17  56  65        
  32  59  79          14  45  85          30  47  62          13  23  74        
   2   8  88          52  83  94          14  66  84          14  39  54        
   3  52  56           0  54  84          48  81  85          27  41  88        
  42  47  75          35  66  88          10  57  80          30  55  83        

  23  71  77        
  66  86  94        
  14  55  80        
  36  52  84        
   5  31  45        
  16  56  75        
  40  65  95        
  15  20  21        
  13  28  46        
  11  47  85        
  30  67  89        
   4  35  48        
  29  79  91        
  33  58  93        
   3  44  59        
  50  60  62        
   2  64  82        
  41  42  78        
   6  22  68        
   1  57  63        
  18  87  90        
   7  27  43        
  61  70  76        
  26  38  51        
   9  24  72        
   0  39  92        
  19  32  88        
  10  37  54        
  34  53  69        
  17  73  83        
  12  49  81        
   8  25  74        
