
(py3venv) sghosh@LAPTOP-V2SSS1I6:~/compute$ python tools/run_ncbs_harvard_data.py
Test 1
[0.    0.    1.554 0.    0.    0.    0.    1.445 2.008 0.    0.    0.    0.    0.    1.843 2.561]
[0 0 1 0 0 0 0 1 1 0 0 0 0 0 1 1]
Test 2
[0. 0. 0. 0. 0. 0. 0. 0. 0. 0. 0. 0. 0. 0. 0. 0.]
[0 0 0 0 0 0 0 0 0 0 0 0 0 0 0 0]
Test 3
[1.    0.    0.    0.    2.102 0.    0.    0.    0.    0.    0.    0.    0.    1.772 0.    0.   ]
[1 0 0 0 1 0 0 0 0 0 0 0 0 1 0 0]
Test 4
[  1.21    1.88    0.      0.     34.154  15.516   0.     30.946   0.      0.    352.51    0.      0.    378.951   0.    345.624]
[1 1 0 0 1 1 0 1 0 0 1 0 0 1 0 1]
Test 5
[ 0.     0.    35.528  0.     1.464  2.735  0.    14.433  0.     1.336  0.    31.981  0.     0.     0.     1.892]
[0 0 1 0 1 1 0 1 0 1 0 1 0 0 0 1]

=====================
Test 1:
---------------------
COMP
---------------------
Surely infected:  [9, 22]
Possibly infected:  []
viral loads: [0. 0. 0. 0. 0. 0. 0. 0. 0. 0. 0. 0. 0. 0. 0. 0. 0. 0. 0. 0. 0. 0. 0. 0. 0. 0. 0. 0. 0. 0. 0. 0. 0. 0. 0. 0. 0. 0. 0. 0.]
---------------------
combined_COMP_NNOMP_random_cv
---------------------
Surely infected:  [9, 22]
Possibly infected:  []
viral loads: [0.    0.    0.    0.    0.    0.    0.    0.    1.482 0.    0.    0.    0.    0.    0.    0.    0.    0.    0.    0.    0.    1.51  0.    0.    0.    0.    0.    0.    0.    0.    0.    0.    0.    0.    0.    0.    0.    0.    0.    0.   ]
---------------------
SBL
---------------------
Surely infected:  [9, 22]
Possibly infected:  []
viral loads: [0.    0.    0.    0.    0.    0.    0.    0.    1.482 0.    0.    0.    0.    0.    0.    0.    0.    0.    0.    0.    0.    1.51  0.    0.    0.    0.    0.    0.    0.    0.    0.    0.    0.    0.    0.    0.    0.    0.    0.    0.   ]

=====================
Test 2:
---------------------
COMP
---------------------
Surely infected:  []
Possibly infected:  []
viral loads: [0. 0. 0. 0. 0. 0. 0. 0. 0. 0. 0. 0. 0. 0. 0. 0. 0. 0. 0. 0. 0. 0. 0. 0. 0. 0. 0. 0. 0. 0. 0. 0. 0. 0. 0. 0. 0. 0. 0. 0.]
---------------------
combined_COMP_NNOMP_random_cv
---------------------
Surely infected:  []
Possibly infected:  []
viral loads: [0. 0. 0. 0. 0. 0. 0. 0. 0. 0. 0. 0. 0. 0. 0. 0. 0. 0. 0. 0. 0. 0. 0. 0. 0. 0. 0. 0. 0. 0. 0. 0. 0. 0. 0. 0. 0. 0. 0. 0.]
---------------------
SBL
---------------------
Surely infected:  []
Possibly infected:  []
viral loads: [0. 0. 0. 0. 0. 0. 0. 0. 0. 0. 0. 0. 0. 0. 0. 0. 0. 0. 0. 0. 0. 0. 0. 0. 0. 0. 0. 0. 0. 0. 0. 0. 0. 0. 0. 0. 0. 0. 0. 0.]

=====================
Test 3:
---------------------
COMP
---------------------
Surely infected:  [14]
Possibly infected:  []
viral loads: [0. 0. 0. 0. 0. 0. 0. 0. 0. 0. 0. 0. 0. 0. 0. 0. 0. 0. 0. 0. 0. 0. 0. 0. 0. 0. 0. 0. 0. 0. 0. 0. 0. 0. 0. 0. 0. 0. 0. 0.]
---------------------
combined_COMP_NNOMP_random_cv
---------------------
Surely infected:  [14]
Possibly infected:  []
viral loads: [0.    0.    0.    0.    0.    0.    0.    0.    0.    0.    0.    0.    0.    1.625 0.    0.    0.    0.    0.    0.    0.    0.    0.    0.    0.    0.    0.    0.    0.    0.    0.    0.    0.    0.    0.    0.    0.    0.    0.    0.   ]
---------------------
SBL
---------------------
Surely infected:  [14]
Possibly infected:  []
viral loads: [0.    0.    0.    0.    0.    0.    0.    0.    0.    0.    0.    0.    0.    1.625 0.    0.    0.    0.    0.    0.    0.    0.    0.    0.    0.    0.    0.    0.    0.    0.    0.    0.    0.    0.    0.    0.    0.    0.    0.    0.   ]

=====================
Test 4:
---------------------
COMP
---------------------
Surely infected:  [33]
Possibly infected:  [11, 14, 17, 18, 24, 36]
viral loads: [0. 0. 0. 0. 0. 0. 0. 0. 0. 0. 0. 0. 0. 0. 0. 0. 0. 0. 0. 0. 0. 0. 0. 0. 0. 0. 0. 0. 0. 0. 0. 0. 0. 0. 0. 0. 0. 0. 0. 0.]
---------------------
combined_COMP_NNOMP_random_cv
---------------------
y[0] is infected but no infected people found
y[1] is infected but no infected people found
y[4] is infected but no infected people found
y[5] is infected but no infected people found
y[7] is infected but no infected people found
Surely infected:  [33]
Possibly infected:  []
viral loads: [  0.      0.      0.      0.      0.      0.      0.      0.      0.      0.      0.      0.      0.      0.      0.      0.      0.      0.      0.      0.      0.      0.      0.      0.      0.      0.      0.      0.      0.      0.      0.      0.    359.028   0.      0.      0.      0.      0.      0.      0.   ]
---------------------
SBL
---------------------
Surely infected:  [33]
Possibly infected:  [11, 14, 24, 36]
viral loads: [  0.      0.      0.      0.      0.      0.      0.      0.      0.      0.      3.339   0.      0.     17.026   0.      0.      0.      0.      0.      0.      0.      0.      0.      6.346   0.      0.      0.      0.      0.      0.      0.      0.    353.029   0.      0.     25.026   0.      0.      0.      0.   ]

=====================
Test 5:
---------------------
COMP
---------------------
Surely infected:  [4, 23]
Possibly infected:  [6, 36]
viral loads: [0. 0. 0. 0. 0. 0. 0. 0. 0. 0. 0. 0. 0. 0. 0. 0. 0. 0. 0. 0. 0. 0. 0. 0. 0. 0. 0. 0. 0. 0. 0. 0. 0. 0. 0. 0. 0. 0. 0. 0.]
---------------------
combined_COMP_NNOMP_random_cv
---------------------
y[4] is infected but no infected people found
Surely infected:  [4, 23]
Possibly infected:  []
viral loads: [ 0.     0.     0.     0.     0.     0.     0.     0.     0.     0.     0.     0.     0.     0.     0.     0.     0.     0.     0.     0.     0.     0.    27.314  0.     0.     0.     0.     0.     0.     0.     0.     0.     0.     0.     0.     0.     0.     0.     0.     0.   ]
---------------------
SBL
---------------------
Surely infected:  [4, 23]
Possibly infected:  [6]
viral loads: [ 0.     0.     0.     2.123  0.     4.859  0.     0.     0.     0.     0.     0.     0.     0.     0.     0.     0.     0.     0.     0.     0.     0.    27.45   0.     0.     0.     0.     0.     0.     0.     0.     0.     0.     0.     0.     0.     0.     0.     0.     0.   ]
---------------------
COMP
---------------------
Surely infected:  [10, 28]
Possibly infected:  [54]
viral loads: [0. 0. 0. 0. 0. 0. 0. 0. 0. 0. 0. 0. 0. 0. 0. 0. 0. 0. 0. 0. 0. 0. 0. 0. 0. 0. 0. 0. 0. 0. 0. 0. 0. 0. 0. 0. 0. 0. 0. 0. 0. 0. 0. 0. 0. 0. 0. 0. 0. 0. 0. 0. 0. 0. 0. 0. 0. 0. 0. 0.]
0 29.81173816692098
1 32.97505233707533
10 33.41357121070479
13 33.28212392175033
16 30.222614705948146
cts: [29.812 32.975  0.     0.     0.     0.     0.     0.     0.     0.    33.414  0.     0.    33.282  0.     0.    30.223  0.     0.     0.     0.     0.     0.     0.   ]
y: [11.083  1.34   0.     0.     0.     0.     0.     0.     0.     0.     1.     0.     0.     1.092  0.     0.     8.423  0.     0.     0.     0.     0.     0.     0.   ]
---------------------
SBL
---------------------
Surely infected:  [10, 28]
Possibly infected:  [54]
viral loads: [0.    0.    0.    0.    0.    0.    0.    0.    0.    0.708 0.    0.    0.    0.    0.    0.    0.    0.    0.    0.    0.    0.    0.    0.    0.    0.    0.    9.099 0.    0.    0.    0.    0.    0.    0.    0.    0.    0.    0.    0.    0.    0.    0.    0.    0.    0.    0.    0.    0.    0.    0.    0.    0.    1.308 0.    0.    0.    0.    0.    0.   ]
---------------------
combined_COMP_NNOMP_random_cv
---------------------
Surely infected:  [10, 28]
Possibly infected:  []
viral loads: [0.    0.    0.    0.    0.    0.    0.    0.    0.    1.144 0.    0.    0.    0.    0.    0.    0.    0.    0.    0.    0.    0.    0.    0.    0.    0.    0.    9.753 0.    0.    0.    0.    0.    0.    0.    0.    0.    0.    0.    0.    0.    0.    0.    0.    0.    0.    0.    0.    0.    0.    0.    0.    0.    0.    0.    0.    0.    0.    0.    0.   ]
