n = 96, t = 46

combined_COMP_NNOMP_random_cv

        d       Precision       Recall
        1       1.000           1.000
        2       1.000           1.000
        3       1.000           0.998
        4       0.997           0.998
        5       0.989           0.998
        6       0.986           0.996
        7       0.977           0.997
        8       0.976           0.994
        9       0.977           0.989
        10      0.973           0.989

SBL

        d       Precision       Recall
        1       1.000           1.000 
        2       1.000           1.000 
        3       0.999           1.000 
        4       0.985           1.000 
        5       0.953           1.000 
        6       0.905           1.000 
        7       0.847           1.000 
        8       0.774           1.000 
        9       0.714           0.999 
        10      0.656           0.999 


---------------------------------------------
n = 192, t = 46

combined_COMP_NNOMP_random_cv

        d       Precision       Recall
        1       1.000           1.000 
        2       1.000           1.000 
        3       0.991           1.000 
        4       0.978           1.000 
        5       0.970           1.000 
        6       0.960           0.998 
        7       0.955           0.995 
        8       0.931           0.988 
        9       0.859           0.982 
        10      0.744           0.980 

SBL

        d       Precision       Recall 
        1       1.000           1.000  
        2       0.998           1.000  
        3       0.968           1.000  
        4       0.904           1.000  
        5       0.820           1.000  
        6       0.738           1.000  
        7       0.633           1.000  
        8       0.563           1.000  
        9       0.505           0.999  
        10      0.458           0.999  

---------------------------------------------
n = 384, t = 64

combined_COMP_NNOMP_random_cv

        d       Precision       Recall  
        1       1.000           1.000   
        2       1.000           1.000   
        3       0.999           1.000   
        4       0.992           1.000   
        5       0.980           1.000   
        6       0.977           0.999   
        7       0.968           0.998   
        8       0.978           0.997   
        9       0.974           0.991   
        10      0.965           0.985   

SBL

        d       Precision       Recall  
        1       1.000           1.000   
        2       1.000           1.000   
        3       0.992           1.000   
        4       0.965           1.000   
        5       0.916           1.000   
        6       0.842           1.000   
        7       0.743           1.000   
        8       0.642           1.000   
        9       0.559           0.999   
        10      0.476           1.000   
-----------------------------------------------
n = 960, t = 94

SBL

        d       Precision       Recall
        1       1.000           1.000 
        2       1.000           1.000 
        3       0.999           1.000 
        4       0.993           1.000 
        5       0.975           1.000 
        6       0.936           1.000 
        7       0.876           1.000 
        8       0.794           1.000 
        9       0.693           1.000 
        10      0.585           1.000 

n = 960, t = 94


combined_COMP_NNOMP_random_cv

        d       Precision       Recall
        1       1.000           1.000 
        2       1.000           1.000 
        3       1.000           1.000 
        4       0.999           1.000 
        5       0.994           1.000 
        6       0.986           1.000 
        7       0.978           1.000 
        8       0.969           0.999 
        9       0.976           0.999 
        10      0.983           0.995 


Fixed SBL
        d       Precision       Recall  
        1       1.000           1.000   
        2       1.000           1.000   
        3       0.993           1.000   
        4       0.993           1.000   
        5       0.982           1.000   
        6       0.965           1.000   
        7       0.922           1.000   
        8       0.852           0.999   
        9       0.765           0.999   
        10      0.688           0.999   
        15      0.338           0.996   
        20      0.195           0.998   
        25      0.142           0.996   
