n = 768, t = 384


COMP

        d       Precision       Recall (Sensitivity)    Specificity     surep   unsurep false_pos
        50      0.759                   1.000           0.978           43.1     22.7      15.8
        60      0.700                   1.000           0.964           45.4     40.3      25.7
        70      0.643                   1.000           0.944           44.8     64.0      38.8
        80      0.616                   1.000           0.927           41.3     88.7      49.9
        90      0.577                   1.000           0.903           38.0    118.0      66.0
        100     0.540                   1.000           0.872           30.9    154.4      85.3

SBL

        d       Precision       Recall (Sensitivity)    Specificity     surep   unsurep false_pos
        50      0.865                   0.998           0.989           43.1     14.6       7.8
        60      0.826                   0.997           0.982           45.4     27.0      12.6
        70      0.781                   0.995           0.972           44.8     44.4      19.5
        80      0.766                   0.993           0.965           41.3     62.4      24.3
        90      0.728                   0.986           0.951           38.0     84.0      33.2
        100     0.694                   0.979           0.935           30.9    110.2      43.2
COMP

        d       Precision       Recall (Sensitivity)    Specificity     surep   unsurep false_pos
        61      0.693                   1.000           0.962           45.3     42.7      27.1
        62      0.687                   1.000           0.960           45.7     44.5      28.2
        63      0.685                   1.000           0.959           45.6     46.4      29.0
        64      0.685                   1.000           0.958           45.7     47.8      29.4
        65      0.674                   1.000           0.955           45.2     51.2      31.4
        66      0.660                   1.000           0.952           44.5     55.4      34.0
        67      0.659                   1.000           0.950           44.9     56.9      34.7
        68      0.656                   1.000           0.949           45.6     58.1      35.7
        69      0.650                   1.000           0.947           45.0     61.1      37.1
