n = 384, t = 48
"almost social golfer" matrix (16-3-24)

avg fp for d = 2 to 5 = 6.8 / 4 = 1.7

COMP

        d       Precision       Recall (Sensitivity)    Specificity     surep   unsurep false_pos
        1       1.000                   1.000           1.000            1.0      0.0       0.0
        2       0.980                   1.000           1.000            2.0      0.0       0.0
        3       0.848                   1.000           0.999            2.9      0.6       0.5
        4       0.678                   1.000           0.995            3.4      2.5       1.9
        5       0.531                   1.000           0.988            2.8      6.7       4.4
        6       0.428                   1.000           0.979            1.6     12.5       8.0
        7       0.368                   1.000           0.968            0.8     18.2      12.0
        8       0.305                   1.000           0.952            0.3     25.9      18.2
        9       0.267                   1.000           0.934            0.1     33.6      24.6
        10      0.238                   1.000           0.914            0.0     42.1      32.1
        11      0.215                   1.000           0.892            0.0     51.2      40.2
        12      0.198                   1.000           0.869            0.0     60.6      48.6

SBL

        d       Precision       Recall (Sensitivity)    Specificity     surep   unsurep false_pos
        1       1.000                   1.000           1.000            1.0      0.0       0.0
        2       0.990                   1.000           1.000            2.0      0.0       0.0
        3       0.912                   1.000           0.999            3.0      0.3       0.3
        4       0.810                   1.000           0.998            3.4      1.5       0.9
        5       0.694                   0.999           0.994            2.8      4.4       2.2
        6       0.601                   0.998           0.989            1.6      8.4       4.0
        7       0.527                   0.997           0.983            0.8     12.5       6.3
        8       0.465                   0.996           0.976            0.3     16.8       9.2
        9       0.406                   0.994           0.965            0.1     22.0      13.1
        10      0.374                   0.988           0.956            0.0     26.4      16.5
        11      0.332                   0.975           0.942            0.0     32.3      21.6
        12      0.295                   0.954           0.926            0.0     38.8      27.4



n = 384, t = 51
Matrix obtained by taking first 384 cols from 51x425 STS matrix
avg fp for d = 2 to 5 = 5.9 / 4 = 1.475

COMP

        d       Precision       Recall (Sensitivity)    Specificity     surep   unsurep false_pos
        1       1.000                   1.000           1.000            1.0      0.0       0.0
        2       1.000                   1.000           1.000            2.0      0.0       0.0
        3       0.877                   1.000           0.999            3.0      0.4       0.4
        4       0.719                   1.000           0.996            3.6      2.0       1.6
        5       0.590                   1.000           0.991            3.4      5.1       3.5
        6       0.478                   1.000           0.983            2.3     10.3       6.6
        7       0.397                   1.000           0.972            1.3     16.4      10.7
        8       0.343                   1.000           0.959            0.6     22.7      15.3
        9       0.299                   1.000           0.944            0.2     29.9      21.1
        10      0.264                   1.000           0.925            0.1     37.8      27.9
        11      0.240                   1.000           0.906            0.1     45.9      34.9
        12      0.218                   1.000           0.884            0.0     55.0      43.0

n = 425, t = 51
51x425 STS matrix
avg fp for d = 2 to 5 = 6.1/4 = 1.525

COMP

        d       Precision       Recall (Sensitivity)    Specificity     surep   unsurep false_pos
        1       1.000                   1.000           1.000            1.0      0.0       0.0
        2       1.000                   1.000           1.000            2.0      0.0       0.0
        3       0.882                   1.000           0.999            3.0      0.4       0.4
        4       0.704                   1.000           0.996            3.5      2.2       1.7
        5       0.558                   1.000           0.991            3.0      5.9       4.0
        6       0.455                   1.000           0.983            2.0     11.1       7.2
        7       0.382                   1.000           0.973            1.0     17.4      11.3
        8       0.321                   1.000           0.959            0.4     24.6      16.9
        9       0.281                   1.000           0.945            0.2     31.8      23.0
        10      0.250                   1.000           0.928            0.1     40.0      30.1
        11      0.220                   1.000           0.906            0.0     50.0      39.0
        12      0.199                   1.000           0.883            0.0     60.2      48.2

n = 330, t = 45
45x330 STS matrix
avg fp for d = 2 to 5 = 6.7 / 4 = 1.675


COMP

        d       Precision       Recall (Sensitivity)    Specificity     surep   unsurep false_pos
        1       1.000                   1.000           1.000            1.0      0.0       0.0
        2       1.000                   1.000           1.000            2.0      0.0       0.0
        3       0.848                   1.000           0.998            2.9      0.6       0.5
        4       0.681                   1.000           0.994            3.4      2.5       1.9
        5       0.543                   1.000           0.987            2.7      6.5       4.2
        6       0.438                   1.000           0.976            1.5     12.2       7.7
        7       0.362                   1.000           0.962            0.6     18.7      12.3
        8       0.309                   1.000           0.944            0.2     25.7      17.9
        9       0.270                   1.000           0.924            0.1     33.3      24.4
        10      0.243                   1.000           0.903            0.0     41.1      31.2
        11      0.218                   1.000           0.877            0.0     50.4      39.4
        12      0.202                   1.000           0.851            0.0     59.4      47.4
