
t = 18, n = 48, matrix = optimized_M_18_48_kirkman

COMP
	d	Precision	Recall (Sensitivity) 	Specificity	surep	unsurep	false_pos
	1	1.000			1.000		1.000		 1.0	  0.0	    0.0
	2	1.000			1.000		1.000		 2.0	  0.0	    0.0
	3	0.761			1.000		0.979		 2.5	  1.4	    0.9
	4	0.575			1.000		0.933		 1.5	  5.5	    3.0
	5	0.465			1.000		0.866		 0.4	 10.3	    5.8
	6	0.400			1.000		0.785		 0.1	 14.9	    9.0

t = 21, n = 70, matrix = optimized_M_21_70_kirkman

COMP
	d	Precision	Recall (Sensitivity) 	Specificity	surep	unsurep	false_pos
	1	1.000			1.000		1.000		 1.0	  0.0	    0.0
	2	1.000			1.000		1.000		 2.0	  0.0	    0.0
	3	0.760			1.000		0.986		 2.7	  1.2	    0.9
	4	0.571			1.000		0.955		 1.7	  5.3	    3.0
	5	0.454			1.000		0.908		 0.6	 10.4	    6.0
	6	0.376			1.000		0.844		 0.1	 15.9	   10.0
	7	0.334			1.000		0.778		 0.0	 21.0	   14.0

t = 24, n = 80, matrix = optimized_M_24_80_kirkman

COMP
	d	Precision	Recall (Sensitivity) 	Specificity	surep	unsurep	false_pos
	1	1.000			1.000		1.000		 1.0	  0.0	    0.0
	2	1.000			1.000		1.000		 2.0	  0.0	    0.0
	3	0.818			1.000		0.991		 2.9	  0.8	    0.7
	4	0.633			1.000		0.969		 2.5	  3.8	    2.3
	5	0.502			1.000		0.934		 1.3	  8.7	    5.0
	6	0.417			1.000		0.886		 0.4	 14.0	    8.4
	7	0.366			1.000		0.834		 0.1	 19.0	   12.1
	8	0.327			1.000		0.772		 0.0	 24.4	   16.4

t = 27, n = 117, matrix = optimized_M_27_117_kirkman

COMP
	d	Precision	Recall (Sensitivity) 	Specificity	surep	unsurep	false_pos
	1	1.000			1.000		1.000		 1.0	  0.0	    0.0
	2	1.000			1.000		1.000		 2.0	  0.0	    0.0
	3	0.818			1.000		0.994		 2.9	  0.8	    0.7
	4	0.598			1.000		0.976		 2.3	  4.4	    2.7
	5	0.477			1.000		0.951		 1.2	  9.3	    5.5
	6	0.386			1.000		0.914		 0.3	 15.2	    9.6
	7	0.329			1.000		0.870		 0.1	 21.2	   14.3
	8	0.290			1.000		0.820		 0.0	 27.6	   19.6
	9	0.262			1.000		0.765		 0.0	 34.4	   25.4

t = 30, n = 120, matrix = optimized_M_30_120_kirkman

COMP
	d	Precision	Recall (Sensitivity) 	Specificity	surep	unsurep	false_pos
	1	1.000			1.000		1.000		 1.0	  0.0	    0.0
	2	1.000			1.000		1.000		 2.0	  0.0	    0.0
	3	0.843			1.000		0.995		 2.9	  0.6	    0.6
	4	0.675			1.000		0.983		 3.1	  2.9	    1.9
	5	0.534			1.000		0.962		 2.1	  7.2	    4.4
	6	0.451			1.000		0.936		 1.1	 12.2	    7.3
	7	0.390			1.000		0.903		 0.5	 17.5	   10.9
	8	0.339			1.000		0.861		 0.1	 23.5	   15.6
	9	0.306			1.000		0.816		 0.1	 29.4	   20.4
	10	0.286			1.000		0.773		 0.0	 35.0	   25.0

t = 33, n = 154, matrix = optimized_M_33_154_kirkman

COMP
	d	Precision	Recall (Sensitivity) 	Specificity	surep	unsurep	false_pos
	1	1.000			1.000		1.000		 1.0	  0.0	    0.0
	2	1.000			1.000		1.000		 2.0	  0.0	    0.0
	3	0.834			1.000		0.996		 2.9	  0.7	    0.6
	4	0.676			1.000		0.987		 3.1	  2.8	    1.9
	5	0.536			1.000		0.971		 2.2	  7.1	    4.3
	6	0.447			1.000		0.950		 1.1	 12.3	    7.4
	7	0.373			1.000		0.920		 0.4	 18.4	   11.8
	8	0.328			1.000		0.888		 0.2	 24.2	   16.4
	9	0.294			1.000		0.851		 0.0	 30.6	   21.6
	10	0.268			1.000		0.810		 0.0	 37.3	   27.4
	11	0.253			1.000		0.773		 0.0	 43.5	   32.5

t = 36, n = 180, matrix = optimized_M_36_180_kirkman

COMP
	d	Precision	Recall (Sensitivity) 	Specificity	surep	unsurep	false_pos
	1	1.000			1.000		1.000		 1.0	  0.0	    0.0
	2	1.000			1.000		1.000		 2.0	  0.0	    0.0
	3	0.867			1.000		0.997		 3.0	  0.5	    0.5
	4	0.685			1.000		0.990		 3.3	  2.5	    1.8
	5	0.556			1.000		0.977		 2.6	  6.4	    4.0
	6	0.459			1.000		0.959		 1.4	 11.6	    7.1
	7	0.384			1.000		0.935		 0.6	 17.6	   11.2
	8	0.336			1.000		0.908		 0.2	 23.6	   15.8
	9	0.300			1.000		0.877		 0.1	 29.9	   21.0
	10	0.272			1.000		0.843		 0.0	 36.7	   26.7
	11	0.245			1.000		0.800		 0.0	 44.8	   33.8
	12	0.232			1.000		0.764		 0.0	 51.6	   39.6

t = 39, n = 208, matrix = optimized_M_39_208_kirkman

COMP
	d	Precision	Recall (Sensitivity) 	Specificity	surep	unsurep	false_pos
	1	1.000			1.000		1.000		 1.0	  0.0	    0.0
	2	1.000			1.000		1.000		 2.0	  0.0	    0.0
	3	0.867			1.000		0.998		 3.0	  0.5	    0.5
	4	0.711			1.000		0.992		 3.4	  2.2	    1.6
	5	0.565			1.000		0.981		 2.8	  6.0	    3.9
	6	0.469			1.000		0.966		 1.8	 11.0	    6.8
	7	0.398			1.000		0.947		 0.9	 16.7	   10.6
	8	0.347			1.000		0.925		 0.3	 22.7	   15.1
	9	0.303			1.000		0.896		 0.1	 29.6	   20.7
	10	0.273			1.000		0.866		 0.0	 36.6	   26.6
	11	0.247			1.000		0.830		 0.0	 44.5	   33.5
	12	0.234			1.000		0.800		 0.0	 51.2	   39.2
	13	0.219			1.000		0.762		 0.0	 59.5	   46.5

t = 42, n = 238, matrix = optimized_M_42_238_kirkman

COMP
	d	Precision	Recall (Sensitivity) 	Specificity	surep	unsurep	false_pos
	1	1.000			1.000		1.000		 1.0	  0.0	    0.0
	2	1.000			1.000		1.000		 2.0	  0.0	    0.0
	3	0.871			1.000		0.998		 3.0	  0.5	    0.4
	4	0.719			1.000		0.993		 3.5	  2.0	    1.6
	5	0.588			1.000		0.985		 3.1	  5.4	    3.5
	6	0.484			1.000		0.972		 2.1	 10.2	    6.4
	7	0.406			1.000		0.956		 1.1	 16.1	   10.2
	8	0.354			1.000		0.937		 0.5	 22.1	   14.6
	9	0.312			1.000		0.913		 0.2	 28.7	   19.9
	10	0.279			1.000		0.886		 0.1	 35.8	   25.9
	11	0.258			1.000		0.860		 0.0	 42.7	   31.7
	12	0.237			1.000		0.829		 0.0	 50.6	   38.6
	13	0.221			1.000		0.797		 0.0	 58.7	   45.7
	14	0.211			1.000		0.766		 0.0	 66.3	   52.3

t = 45, n = 285, matrix = optimized_M_45_285_kirkman

COMP
	d	Precision	Recall (Sensitivity) 	Specificity	surep	unsurep	false_pos
	1	1.000			1.000		1.000		 1.0	  0.0	    0.0
	2	1.000			1.000		1.000		 2.0	  0.0	    0.0
	3	0.861			1.000		0.998		 3.0	  0.5	    0.5
	4	0.715			1.000		0.994		 3.6	  2.0	    1.6
	5	0.586			1.000		0.987		 3.2	  5.3	    3.5
	6	0.485			1.000		0.977		 2.2	 10.1	    6.4
	7	0.405			1.000		0.963		 1.2	 16.1	   10.3
	8	0.350			1.000		0.946		 0.5	 22.3	   14.8
	9	0.307			1.000		0.926		 0.2	 29.1	   20.3
	10	0.269			1.000		0.901		 0.1	 37.2	   27.2
	11	0.247			1.000		0.877		 0.0	 44.6	   33.6
	12	0.228			1.000		0.851		 0.0	 52.6	   40.6
	13	0.215			1.000		0.825		 0.0	 60.5	   47.5
	14	0.202			1.000		0.796		 0.0	 69.4	   55.4
	15	0.189			1.000		0.761		 0.0	 79.6	   64.6

t = 48, n = 320, matrix = optimized_M_48_320_kirkman

COMP
	d	Precision	Recall (Sensitivity) 	Specificity	surep	unsurep	false_pos
	1	1.000			1.000		1.000		 1.0	  0.0	    0.0
	2	1.000			1.000		1.000		 2.0	  0.0	    0.0
	3	0.879			1.000		0.999		 3.0	  0.4	    0.4
	4	0.729			1.000		0.995		 3.6	  1.8	    1.5
	5	0.595			1.000		0.989		 3.4	  5.0	    3.4
	6	0.493			1.000		0.980		 2.5	  9.7	    6.2
	7	0.418			1.000		0.969		 1.5	 15.3	    9.7
	8	0.357			1.000		0.954		 0.7	 21.8	   14.4
	9	0.312			1.000		0.936		 0.3	 28.6	   19.9
	10	0.276			1.000		0.915		 0.1	 36.2	   26.2
	11	0.253			1.000		0.895		 0.0	 43.4	   32.5
	12	0.231			1.000		0.870		 0.0	 51.9	   39.9
	13	0.213			1.000		0.843		 0.0	 61.2	   48.2
	14	0.201			1.000		0.818		 0.0	 69.7	   55.7
	15	0.189			1.000		0.789		 0.0	 79.4	   64.4
	16	0.181			1.000		0.761		 0.0	 88.5	   72.5

t = 51, n = 357, matrix = optimized_M_51_357_kirkman

COMP
	d	Precision	Recall (Sensitivity) 	Specificity	surep	unsurep	false_pos
	1	1.000			1.000		1.000		 1.0	  0.0	    0.0
	2	1.000			1.000		1.000		 2.0	  0.0	    0.0
	3	0.882			1.000		0.999		 3.0	  0.4	    0.4
	4	0.750			1.000		0.996		 3.7	  1.6	    1.3
	5	0.609			1.000		0.991		 3.5	  4.7	    3.2
	6	0.503			1.000		0.983		 2.7	  9.2	    5.9
	7	0.428			1.000		0.973		 1.7	 14.7	    9.4
	8	0.369			1.000		0.961		 0.9	 20.8	   13.7
	9	0.321			1.000		0.945		 0.4	 27.6	   19.0
	10	0.282			1.000		0.927		 0.1	 35.4	   25.5
	11	0.257			1.000		0.908		 0.1	 42.7	   31.8
	12	0.237			1.000		0.888		 0.0	 50.7	   38.7
	13	0.218			1.000		0.864		 0.0	 59.7	   46.7
	14	0.203			1.000		0.840		 0.0	 69.0	   55.0
	15	0.190			1.000		0.813		 0.0	 78.8	   63.8
	16	0.178			1.000		0.783		 0.0	 90.0	   74.0
	17	0.173			1.000		0.761		 0.0	 98.3	   81.3

t = 54, n = 414, matrix = optimized_M_54_414_kirkman

COMP
	d	Precision	Recall (Sensitivity) 	Specificity	surep	unsurep	false_pos
	1	1.000			1.000		1.000		 1.0	  0.0	    0.0
	2	1.000			1.000		1.000		 2.0	  0.0	    0.0
	3	0.878			1.000		0.999		 3.0	  0.4	    0.4
	4	0.750			1.000		0.997		 3.7	  1.6	    1.3
	5	0.600			1.000		0.992		 3.6	  4.8	    3.3
	6	0.509			1.000		0.986		 2.8	  9.0	    5.8
	7	0.424			1.000		0.977		 1.7	 14.8	    9.5
	8	0.363			1.000		0.965		 0.9	 21.1	   14.0
	9	0.315			1.000		0.952		 0.4	 28.2	   19.6
	10	0.283			1.000		0.937		 0.2	 35.2	   25.4
	11	0.251			1.000		0.919		 0.0	 43.7	   32.7
	12	0.232			1.000		0.901		 0.0	 51.8	   39.8
	13	0.211			1.000		0.879		 0.0	 61.7	   48.7
	14	0.195			1.000		0.856		 0.0	 71.7	   57.7
	15	0.185			1.000		0.834		 0.0	 81.1	   66.1
	16	0.175			1.000		0.811		 0.0	 91.2	   75.2
	17	0.166			1.000		0.785		 0.0	102.4	   85.4
	18	0.159			1.000		0.759		 0.0	113.3	   95.3

t = 57, n = 437, matrix = optimized_M_57_437_kirkman

COMP
	d	Precision	Recall (Sensitivity) 	Specificity	surep	unsurep	false_pos
	1	1.000			1.000		1.000		 1.0	  0.0	    0.0
	2	1.000			1.000		1.000		 2.0	  0.0	    0.0
	3	0.901			1.000		0.999		 3.0	  0.3	    0.3
	4	0.764			1.000		0.997		 3.8	  1.5	    1.2
	5	0.646			1.000		0.994		 3.9	  3.8	    2.7
	6	0.529			1.000		0.988		 3.2	  8.2	    5.3
	7	0.451			1.000		0.980		 2.2	 13.3	    8.5
	8	0.381			1.000		0.970		 1.2	 19.8	   13.0
	9	0.336			1.000		0.958		 0.7	 26.1	   17.8
	10	0.301			1.000		0.946		 0.3	 32.9	   23.2
	11	0.263			1.000		0.928		 0.1	 41.7	   30.8
	12	0.240			1.000		0.911		 0.0	 50.0	   38.0
	13	0.221			1.000		0.892		 0.0	 58.9	   45.9
	14	0.207			1.000		0.873		 0.0	 67.5	   53.5
	15	0.195			1.000		0.853		 0.0	 77.0	   62.0
	16	0.182			1.000		0.830		 0.0	 87.7	   71.7
	17	0.173			1.000		0.807		 0.0	 98.1	   81.1
	18	0.164			1.000		0.780		 0.0	110.0	   92.0
	19	0.159			1.000		0.760		 0.0	119.5	  100.5

t = 60, n = 500, matrix = optimized_M_60_500_kirkman

COMP
	d	Precision	Recall (Sensitivity) 	Specificity	surep	unsurep	false_pos
	1	1.000			1.000		1.000		 1.0	  0.0	    0.0
	2	1.000			1.000		1.000		 2.0	  0.0	    0.0
	3	0.893			1.000		0.999		 3.0	  0.4	    0.4
	4	0.757			1.000		0.997		 3.8	  1.5	    1.3
	5	0.633			1.000		0.994		 3.9	  4.0	    2.9
	6	0.528			1.000		0.989		 3.3	  8.1	    5.4
	7	0.444			1.000		0.982		 2.2	 13.5	    8.8
	8	0.380			1.000		0.974		 1.2	 19.8	   13.0
	9	0.332			1.000		0.963		 0.6	 26.5	   18.1
	10	0.293			1.000		0.951		 0.3	 33.9	   24.2
	11	0.263			1.000		0.937		 0.1	 41.7	   30.9
	12	0.237			1.000		0.921		 0.1	 50.6	   38.6
	13	0.219			1.000		0.905		 0.0	 59.4	   46.4
	14	0.202			1.000		0.886		 0.0	 69.2	   55.2
	15	0.187			1.000		0.866		 0.0	 80.0	   65.0
	16	0.178			1.000		0.848		 0.0	 89.8	   73.8
	17	0.167			1.000		0.824		 0.0	101.9	   84.9
	18	0.160			1.000		0.804		 0.0	112.3	   94.3
	19	0.154			1.000		0.782		 0.0	123.8	  104.8
	20	0.149			1.000		0.763		 0.0	133.8	  113.8

t = 63, n = 546, matrix = optimized_M_63_546_kirkman

COMP
	d	Precision	Recall (Sensitivity) 	Specificity	surep	unsurep	false_pos
	1	1.000			1.000		1.000		 1.0	  0.0	    0.0
	2	1.000			1.000		1.000		 2.0	  0.0	    0.0
	3	0.910			1.000		0.999		 3.0	  0.3	    0.3
	4	0.766			1.000		0.998		 3.8	  1.4	    1.2
	5	0.639			1.000		0.995		 4.0	  3.8	    2.8
	6	0.541			1.000		0.991		 3.5	  7.6	    5.1
	7	0.457			1.000		0.985		 2.5	 12.9	    8.3
	8	0.388			1.000		0.977		 1.5	 19.1	   12.6
	9	0.344			1.000		0.968		 0.8	 25.4	   17.2
	10	0.297			1.000		0.956		 0.4	 33.3	   23.6
	11	0.270			1.000		0.944		 0.2	 40.6	   29.7
	12	0.242			1.000		0.930		 0.1	 49.4	   37.5
	13	0.222			1.000		0.915		 0.0	 58.5	   45.5
	14	0.205			1.000		0.898		 0.0	 68.4	   54.4
	15	0.192			1.000		0.881		 0.0	 78.1	   63.1
	16	0.179			1.000		0.862		 0.0	 89.4	   73.4
	17	0.169			1.000		0.843		 0.0	100.3	   83.3
	18	0.161			1.000		0.823		 0.0	111.7	   93.7
	19	0.154			1.000		0.802		 0.0	123.3	  104.3
	20	0.148			1.000		0.780		 0.0	135.6	  115.6
	21	0.142			1.000		0.759		 0.0	147.6	  126.6

t = 66, n = 594, matrix = optimized_M_66_594_kirkman

COMP
	d	Precision	Recall (Sensitivity) 	Specificity	surep	unsurep	false_pos
	1	1.000			1.000		1.000		 1.0	  0.0	    0.0
	2	1.000			1.000		1.000		 2.0	  0.0	    0.0
	3	0.906			1.000		0.999		 3.0	  0.3	    0.3
	4	0.785			1.000		0.998		 3.8	  1.3	    1.1
	5	0.652			1.000		0.995		 4.1	  3.6	    2.7
	6	0.546			1.000		0.992		 3.6	  7.4	    5.0
	7	0.463			1.000		0.986		 2.7	 12.4	    8.1
	8	0.393			1.000		0.979		 1.6	 18.8	   12.4
	9	0.349			1.000		0.971		 0.9	 24.8	   16.8
	10	0.310			1.000		0.962		 0.5	 31.7	   22.2
	11	0.275			1.000		0.950		 0.2	 39.7	   29.0
	12	0.246			1.000		0.937		 0.1	 48.8	   36.9
	13	0.226			1.000		0.923		 0.0	 57.5	   44.6
	14	0.209			1.000		0.909		 0.0	 67.1	   53.1
	15	0.195			1.000		0.893		 0.0	 77.1	   62.1
	16	0.181			1.000		0.875		 0.0	 88.2	   72.2
	17	0.169			1.000		0.855		 0.0	100.7	   83.7
	18	0.162			1.000		0.838		 0.0	111.1	   93.1
	19	0.155			1.000		0.820		 0.0	122.6	  103.6
	20	0.147			1.000		0.798		 0.0	136.0	  116.0
	21	0.141			1.000		0.776		 0.0	149.1	  128.1
	22	0.137			1.000		0.759		 0.0	160.0	  138.0

t = 69, n = 667, matrix = optimized_M_69_667_kirkman

COMP
	d	Precision	Recall (Sensitivity) 	Specificity	surep	unsurep	false_pos
	1	1.000			1.000		1.000		 1.0	  0.0	    0.0
	2	1.000			1.000		1.000		 2.0	  0.0	    0.0
	3	0.913			1.000		1.000		 3.0	  0.3	    0.3
	4	0.793			1.000		0.998		 3.9	  1.2	    1.0
	5	0.657			1.000		0.996		 4.2	  3.5	    2.6
	6	0.551			1.000		0.993		 3.8	  7.1	    4.9
	7	0.461			1.000		0.988		 2.7	 12.4	    8.2
	8	0.400			1.000		0.982		 1.8	 18.2	   12.0
	9	0.345			1.000		0.974		 1.0	 25.1	   17.1
	10	0.305			1.000		0.965		 0.5	 32.3	   22.8
	11	0.272			1.000		0.955		 0.2	 40.2	   29.4
	12	0.243			1.000		0.943		 0.1	 49.4	   37.5
	13	0.223			1.000		0.931		 0.0	 58.3	   45.4
	14	0.204			1.000		0.916		 0.0	 68.5	   54.6
	15	0.190			1.000		0.902		 0.0	 78.8	   63.8
	16	0.178			1.000		0.886		 0.0	 90.1	   74.1
	17	0.167			1.000		0.869		 0.0	101.8	   84.8
	18	0.160			1.000		0.854		 0.0	112.6	   94.6
	19	0.150			1.000		0.834		 0.0	126.5	  107.5
	20	0.143			1.000		0.814		 0.0	140.3	  120.3
	21	0.137			1.000		0.795		 0.0	153.7	  132.7
	22	0.132			1.000		0.777		 0.0	166.1	  144.1
	23	0.128			1.000		0.756		 0.0	180.0	  157.0

t = 72, n = 720, matrix = optimized_M_72_720_kirkman

COMP
	d	Precision	Recall (Sensitivity) 	Specificity	surep	unsurep	false_pos
	1	1.000			1.000		1.000		 1.0	  0.0	    0.0
	2	1.000			1.000		1.000		 2.0	  0.0	    0.0
	3	0.910			1.000		1.000		 3.0	  0.3	    0.3
	4	0.787			1.000		0.998		 3.8	  1.2	    1.1
	5	0.665			1.000		0.996		 4.2	  3.3	    2.5
	6	0.557			1.000		0.993		 3.9	  6.9	    4.8
	7	0.477			1.000		0.989		 3.0	 11.7	    7.7
	8	0.406			1.000		0.984		 1.9	 17.7	   11.7
	9	0.349			1.000		0.976		 1.1	 24.7	   16.8
	10	0.310			1.000		0.969		 0.6	 31.7	   22.3
	11	0.275			1.000		0.959		 0.3	 39.7	   29.0
	12	0.251			1.000		0.949		 0.1	 47.8	   35.9
	13	0.225			1.000		0.937		 0.0	 57.6	   44.7
	14	0.208			1.000		0.925		 0.0	 67.3	   53.3
	15	0.193			1.000		0.911		 0.0	 77.6	   62.6
	16	0.182			1.000		0.898		 0.0	 88.0	   72.0
	17	0.169			1.000		0.881		 0.0	100.6	   83.6
	18	0.160			1.000		0.865		 0.0	112.7	   94.7
	19	0.152			1.000		0.849		 0.0	124.9	  105.9
	20	0.144			1.000		0.831		 0.0	138.5	  118.5
	21	0.137			1.000		0.811		 0.0	152.8	  131.8
	22	0.133			1.000		0.794		 0.0	165.7	  143.7
	23	0.128			1.000		0.775		 0.0	179.8	  156.8
	24	0.124			1.000		0.756		 0.0	193.9	  169.9

t = 75, n = 800, matrix = optimized_M_75_800_kirkman

COMP
	d	Precision	Recall (Sensitivity) 	Specificity	surep	unsurep	false_pos
	1	1.000			1.000		1.000		 1.0	  0.0	    0.0
	2	1.000			1.000		1.000		 2.0	  0.0	    0.0
	3	0.911			1.000		1.000		 3.0	  0.3	    0.3
	4	0.797			1.000		0.999		 3.9	  1.2	    1.0
	5	0.667			1.000		0.997		 4.3	  3.2	    2.5
	6	0.561			1.000		0.994		 4.0	  6.7	    4.7
	7	0.474			1.000		0.990		 3.0	 11.7	    7.8
	8	0.406			1.000		0.985		 2.1	 17.6	   11.7
	9	0.348			1.000		0.979		 1.2	 24.7	   16.8
	10	0.308			1.000		0.971		 0.6	 31.9	   22.5
	11	0.276			1.000		0.963		 0.3	 39.6	   28.9
	12	0.246			1.000		0.953		 0.1	 48.7	   36.8
	13	0.224			1.000		0.943		 0.1	 57.9	   45.0
	14	0.207			1.000		0.932		 0.0	 67.6	   53.6
	15	0.190			1.000		0.919		 0.0	 78.8	   63.8
	16	0.177			1.000		0.905		 0.0	 90.6	   74.6
	17	0.165			1.000		0.890		 0.0	103.3	   86.3
	18	0.156			1.000		0.876		 0.0	115.0	   97.0
	19	0.147			1.000		0.859		 0.0	129.2	  110.2
	20	0.142			1.000		0.845		 0.0	141.2	  121.2
	21	0.133			1.000		0.825		 0.0	157.4	  136.4
	22	0.129			1.000		0.810		 0.0	170.1	  148.1
	23	0.124			1.000		0.791		 0.0	185.4	  162.4
	24	0.120			1.000		0.774		 0.0	199.3	  175.3
	25	0.116			1.000		0.755		 0.0	214.6	  189.6

t = 78, n = 858, matrix = optimized_M_78_858_kirkman

COMP
	d	Precision	Recall (Sensitivity) 	Specificity	surep	unsurep	false_pos
	1	1.000			1.000		1.000		 1.0	  0.0	    0.0
	2	1.000			1.000		1.000		 2.0	  0.0	    0.0
	3	0.917			1.000		1.000		 3.0	  0.3	    0.3
	4	0.788			1.000		0.999		 3.9	  1.2	    1.1
	5	0.680			1.000		0.997		 4.4	  3.0	    2.4
	6	0.563			1.000		0.995		 4.1	  6.6	    4.7
	7	0.485			1.000		0.991		 3.2	 11.2	    7.4
	8	0.419			1.000		0.987		 2.3	 16.8	   11.1
	9	0.359			1.000		0.981		 1.4	 23.7	   16.1
	10	0.314			1.000		0.974		 0.7	 31.1	   21.9
	11	0.281			1.000		0.967		 0.4	 38.8	   28.2
	12	0.248			1.000		0.957		 0.2	 48.2	   36.3
	13	0.228			1.000		0.948		 0.1	 56.8	   43.9
	14	0.209			1.000		0.937		 0.0	 66.9	   52.9
	15	0.194			1.000		0.926		 0.0	 77.4	   62.4
	16	0.181			1.000		0.914		 0.0	 88.4	   72.4
	17	0.167			1.000		0.899		 0.0	101.9	   84.9
	18	0.157			1.000		0.885		 0.0	114.6	   96.6
	19	0.149			1.000		0.870		 0.0	127.7	  108.7
	20	0.143			1.000		0.857		 0.0	140.1	  120.1
	21	0.135			1.000		0.839		 0.0	155.5	  134.5
	22	0.129			1.000		0.822		 0.0	170.6	  148.6
	23	0.126			1.000		0.809		 0.0	182.5	  159.5
	24	0.121			1.000		0.791		 0.0	198.3	  174.3
	25	0.117			1.000		0.774		 0.0	213.6	  188.6
	26	0.113			1.000		0.755		 0.0	230.0	  204.0

t = 81, n = 918, matrix = optimized_M_81_918_kirkman

COMP
	d	Precision	Recall (Sensitivity) 	Specificity	surep	unsurep	false_pos
	1	1.000			1.000		1.000		 1.0	  0.0	    0.0
	2	1.000			1.000		1.000		 2.0	  0.0	    0.0
	3	0.916			1.000		1.000		 3.0	  0.3	    0.3
	4	0.799			1.000		0.999		 3.9	  1.1	    1.0
	5	0.686			1.000		0.997		 4.4	  2.9	    2.3
	6	0.579			1.000		0.995		 4.3	  6.1	    4.4
	7	0.491			1.000		0.992		 3.5	 10.8	    7.3
	8	0.425			1.000		0.988		 2.5	 16.3	   10.8
	9	0.370			1.000		0.983		 1.6	 22.8	   15.4
	10	0.319			1.000		0.976		 0.8	 30.5	   21.3
	11	0.286			1.000		0.970		 0.4	 38.1	   27.5
	12	0.257			1.000		0.962		 0.2	 46.5	   34.7
	13	0.233			1.000		0.953		 0.1	 55.7	   42.7
	14	0.212			1.000		0.943		 0.0	 65.9	   51.9
	15	0.195			1.000		0.932		 0.0	 76.8	   61.8
	16	0.182			1.000		0.920		 0.0	 88.1	   72.1
	17	0.168			1.000		0.907		 0.0	101.0	   84.0
	18	0.159			1.000		0.894		 0.0	113.5	   95.5
	19	0.151			1.000		0.881		 0.0	125.5	  106.5
	20	0.144			1.000		0.867		 0.0	139.0	  119.0
	21	0.136			1.000		0.851		 0.0	154.5	  133.5
	22	0.131			1.000		0.837		 0.0	167.9	  145.9
	23	0.126			1.000		0.822		 0.0	182.7	  159.7
	24	0.121			1.000		0.805		 0.0	198.2	  174.2
	25	0.118			1.000		0.791		 0.0	211.7	  186.7
	26	0.114			1.000		0.772		 0.0	229.1	  203.1
	27	0.111			1.000		0.756		 0.0	244.3	  217.3

t = 84, n = 1008, matrix = optimized_M_84_1008_kirkman

COMP
	d	Precision	Recall (Sensitivity) 	Specificity	surep	unsurep	false_pos
	1	1.000			1.000		1.000		 1.0	  0.0	    0.0
	2	1.000			1.000		1.000		 2.0	  0.0	    0.0
	3	0.922			1.000		1.000		 3.0	  0.3	    0.3
	4	0.808			1.000		0.999		 3.9	  1.1	    0.9
	5	0.690			1.000		0.998		 4.4	  2.8	    2.2
	6	0.577			1.000		0.996		 4.2	  6.2	    4.4
	7	0.493			1.000		0.993		 3.5	 10.7	    7.2
	8	0.424			1.000		0.989		 2.5	 16.4	   10.9
	9	0.367			1.000		0.984		 1.5	 23.0	   15.5
	10	0.320			1.000		0.979		 0.9	 30.3	   21.2
	11	0.286			1.000		0.972		 0.4	 38.1	   27.5
	12	0.256			1.000		0.965		 0.2	 46.7	   35.0
	13	0.230			1.000		0.956		 0.1	 56.5	   43.6
	14	0.211			1.000		0.947		 0.0	 66.2	   52.2
	15	0.194			1.000		0.937		 0.0	 77.2	   62.3
	16	0.180			1.000		0.926		 0.0	 89.0	   73.0
	17	0.168			1.000		0.915		 0.0	101.3	   84.4
	18	0.158			1.000		0.903		 0.0	114.0	   96.0
	19	0.149			1.000		0.890		 0.0	127.9	  108.9
	20	0.140			1.000		0.876		 0.0	142.4	  122.4
	21	0.133			1.000		0.862		 0.0	157.4	  136.4
	22	0.129			1.000		0.849		 0.0	170.5	  148.5
	23	0.122			1.000		0.832		 0.0	188.3	  165.3
	24	0.117			1.000		0.817		 0.0	204.5	  180.5
	25	0.115			1.000		0.803		 0.0	218.2	  193.2
	26	0.111			1.000		0.788		 0.0	233.8	  207.8
	27	0.107			1.000		0.769		 0.0	253.5	  226.5
	28	0.104			1.000		0.754		 0.0	268.7	  240.7

t = 87, n = 1044, matrix = optimized_M_87_1044_kirkman

COMP
	d	Precision	Recall (Sensitivity) 	Specificity	surep	unsurep	false_pos
	1	1.000			1.000		1.000		 1.0	  0.0	    0.0
	2	1.000			1.000		1.000		 2.0	  0.0	    0.0
	3	0.923			1.000		1.000		 3.0	  0.3	    0.3
	4	0.815			1.000		0.999		 3.9	  1.0	    0.9
	5	0.705			1.000		0.998		 4.5	  2.6	    2.1
	6	0.594			1.000		0.996		 4.4	  5.7	    4.1
	7	0.508			1.000		0.993		 3.8	  9.9	    6.8
	8	0.442			1.000		0.990		 3.0	 15.2	   10.1
	9	0.379			1.000		0.986		 1.9	 21.9	   14.8
	10	0.338			1.000		0.981		 1.1	 28.5	   19.6
	11	0.297			1.000		0.975		 0.6	 36.4	   26.0
	12	0.264			1.000		0.968		 0.3	 45.2	   33.4
	13	0.239			1.000		0.960		 0.1	 54.3	   41.4
	14	0.219			1.000		0.952		 0.1	 63.8	   49.8
	15	0.202			1.000		0.943		 0.0	 74.1	   59.1
	16	0.187			1.000		0.933		 0.0	 85.4	   69.4
	17	0.175			1.000		0.922		 0.0	 96.9	   79.9
	18	0.165			1.000		0.911		 0.0	109.3	   91.3
	19	0.155			1.000		0.899		 0.0	122.6	  103.6
	20	0.145			1.000		0.885		 0.0	137.5	  117.5
	21	0.139			1.000		0.873		 0.0	150.7	  129.7
	22	0.133			1.000		0.860		 0.0	165.2	  143.2
	23	0.127			1.000		0.845		 0.0	180.8	  157.8
	24	0.122			1.000		0.830		 0.0	197.0	  173.0
	25	0.116			1.000		0.814		 0.0	214.8	  189.8
	26	0.113			1.000		0.800		 0.0	229.4	  203.4
	27	0.111			1.000		0.787		 0.0	243.4	  216.4
	28	0.107			1.000		0.769		 0.0	262.3	  234.3
	29	0.104			1.000		0.755		 0.0	277.9	  248.9

t = 90, n = 1140, matrix = optimized_M_90_1140_kirkman

COMP
	d	Precision	Recall (Sensitivity) 	Specificity	surep	unsurep	false_pos
	1	1.000			1.000		1.000		 1.0	  0.0	    0.0
	2	1.000			1.000		1.000		 2.0	  0.0	    0.0
	3	0.939			1.000		1.000		 3.0	  0.2	    0.2
	4	0.811			1.000		0.999		 3.9	  1.0	    0.9
	5	0.703			1.000		0.998		 4.5	  2.6	    2.1
	6	0.595			1.000		0.996		 4.5	  5.6	    4.1
	7	0.510			1.000		0.994		 4.0	  9.8	    6.7
	8	0.436			1.000		0.991		 2.9	 15.5	   10.3
	9	0.381			1.000		0.987		 1.9	 21.7	   14.6
	10	0.334			1.000		0.982		 1.1	 28.9	   20.0
	11	0.293			1.000		0.976		 0.6	 37.0	   26.6
	12	0.266			1.000		0.971		 0.3	 44.8	   33.2
	13	0.238			1.000		0.963		 0.1	 54.4	   41.6
	14	0.217			1.000		0.955		 0.0	 64.5	   50.5
	15	0.200			1.000		0.947		 0.0	 74.8	   59.8
	16	0.185			1.000		0.937		 0.0	 86.5	   70.5
	17	0.173			1.000		0.928		 0.0	 98.2	   81.2
	18	0.162			1.000		0.917		 0.0	111.4	   93.4
	19	0.152			1.000		0.906		 0.0	124.9	  105.9
	20	0.144			1.000		0.894		 0.0	139.2	  119.2
	21	0.137			1.000		0.882		 0.0	153.6	  132.6
	22	0.129			1.000		0.867		 0.0	171.0	  149.0
	23	0.125			1.000		0.855		 0.0	184.5	  161.5
	24	0.120			1.000		0.842		 0.0	199.8	  175.8
	25	0.115			1.000		0.828		 0.0	216.5	  191.5
	26	0.111			1.000		0.814		 0.0	233.6	  207.6
	27	0.109			1.000		0.801		 0.0	248.7	  221.7
	28	0.104			1.000		0.784		 0.0	268.3	  240.3
	29	0.101			1.000		0.768		 0.0	286.8	  257.8
	30	0.099			1.000		0.754		 0.0	302.7	  272.7

t = 93, n = 1240, matrix = optimized_M_93_1240_kirkman

COMP
	d	Precision	Recall (Sensitivity) 	Specificity	surep	unsurep	false_pos
	1	1.000			1.000		1.000		 1.0	  0.0	    0.0
	2	1.000			1.000		1.000		 2.0	  0.0	    0.0
	3	0.935			1.000		1.000		 3.0	  0.2	    0.2
	4	0.823			1.000		0.999		 3.9	  0.9	    0.9
	5	0.700			1.000		0.998		 4.5	  2.6	    2.1
	6	0.601			1.000		0.997		 4.6	  5.4	    4.0
	7	0.514			1.000		0.995		 4.0	  9.6	    6.6
	8	0.438			1.000		0.992		 2.9	 15.3	   10.3
	9	0.381			1.000		0.988		 2.0	 21.6	   14.6
	10	0.334			1.000		0.984		 1.2	 28.7	   19.9
	11	0.294			1.000		0.978		 0.6	 36.8	   26.5
	12	0.266			1.000		0.973		 0.4	 44.8	   33.2
	13	0.240			1.000		0.966		 0.1	 54.1	   41.2
	14	0.218			1.000		0.959		 0.1	 64.0	   50.1
	15	0.198			1.000		0.950		 0.0	 75.8	   60.8
	16	0.183			1.000		0.942		 0.0	 87.2	   71.2
	17	0.172			1.000		0.933		 0.0	 98.9	   81.9
	18	0.158			1.000		0.921		 0.0	114.0	   96.0
	19	0.150			1.000		0.912		 0.0	126.9	  107.9
	20	0.142			1.000		0.901		 0.0	140.9	  120.9
	21	0.135			1.000		0.889		 0.0	155.8	  134.8
	22	0.129			1.000		0.878		 0.0	171.1	  149.1
	23	0.123			1.000		0.865		 0.0	186.8	  163.8
	24	0.119			1.000		0.854		 0.0	202.0	  178.0
	25	0.114			1.000		0.839		 0.0	220.2	  195.2
	26	0.110			1.000		0.826		 0.0	237.1	  211.1
	27	0.105			1.000		0.809		 0.0	258.1	  231.1
	28	0.102			1.000		0.797		 0.0	274.3	  246.3
	29	0.099			1.000		0.783		 0.0	292.1	  263.1
	30	0.097			1.000		0.769		 0.0	309.5	  279.5
	31	0.095			1.000		0.756		 0.0	326.0	  295.0
