n = 120, t = 30


COMP

        d       Precision       Recall (Sensitivity)    Specificity     surep   unsurep false_pos
        1       1.000                   1.000           1.000            1.0      0.0       0.0
        2       1.000                   1.000           1.000            2.0      0.0       0.0
        3       0.896                   1.000           0.997            3.0      0.4       0.3
        4       0.656                   1.000           0.982            3.0      3.1       2.1
        5       0.569                   1.000           0.967            2.2      6.6       3.8
        6       0.454                   1.000           0.937            1.1     12.1       7.2
        7       0.377                   1.000           0.898            0.4     18.2      11.6
        8       0.342                   1.000           0.863            0.2     23.2      15.4
        9       0.308                   1.000           0.818            0.0     29.1      20.2
        10      0.302                   1.000           0.790            0.0     33.1      23.1



t = 27, n = 117, matrix = optimized_M_27_117_social_golfer

COMP
        d       Precision       Recall (Sensitivity)    Specificity     surep   unsurep false_pos
        1       1.000                   1.000           1.000            1.0      0.0       0.0
        2       1.000                   1.000           1.000            2.0      0.0       0.0
        3       0.799                   1.000           0.993            2.8      0.9       0.8
        4       0.602                   1.000           0.977            2.3      4.3       2.6
        5       0.473                   1.000           0.950            1.1      9.5       5.6
        6       0.386                   1.000           0.914            0.3     15.2       9.5
        7       0.332                   1.000           0.872            0.1     21.0      14.1
        8       0.293                   1.000           0.823            0.0     27.3      19.3
        9       0.267                   1.000           0.771            0.0     33.8      24.8
        10      0.250                   1.000           0.719            0.0     40.1      30.1
        11      0.235                   1.000           0.663            0.0     46.7      35.7
        12      0.226                   1.000           0.608            0.0     53.2      41.2
        13      0.217                   1.000           0.548            0.0     60.0      47.0
        14      0.214                   1.000           0.500            0.0     65.5      51.5
        15      0.210                   1.000           0.447            0.0     71.4      56.4
        20      0.215                   1.000           0.246            0.0     93.2      73.2
        25      0.238                   1.000           0.128            0.0    105.3      80.3

t = 63, n = 399, matrix = optimized_M_63_399_STS_1

COMP
        d       Precision       Recall (Sensitivity)    Specificity     surep   unsurep false_pos
        1       1.000                   1.000           1.000            1.0      0.0       0.0
        2       1.000                   1.000           1.000            2.0      0.0       0.0
        3       0.931                   1.000           0.999            3.0      0.2       0.2
        4       0.834                   1.000           0.998            3.9      0.9       0.8
        5       0.715                   1.000           0.995            4.5      2.5       2.0
        6       0.623                   1.000           0.991            4.5      5.1       3.6
        7       0.549                   1.000           0.985            4.0      8.7       5.8
        8       0.479                   1.000           0.978            3.1     13.6       8.7
        9       0.423                   1.000           0.968            2.2     19.1      12.3
        10      0.377                   1.000           0.958            1.4     25.1      16.5
        11      0.341                   1.000           0.945            0.9     31.4      21.3
        12      0.312                   1.000           0.932            0.5     38.0      26.5
        13      0.290                   1.000           0.917            0.3     44.6      31.9
        14      0.267                   1.000           0.900            0.1     52.4      38.5
        15      0.250                   1.000           0.883            0.1     59.8      44.9
        20      0.196                   1.000           0.783            0.0    102.2      82.2
        25      0.169                   1.000           0.671            0.0    147.9     122.9

t = 63, n = 399, matrix = optimized_M_63_399_kirkman

COMP
        d       Precision       Recall (Sensitivity)    Specificity     surep   unsurep false_pos
        1       1.000                   1.000           1.000            1.0      0.0       0.0
        2       1.000                   1.000           1.000            2.0      0.0       0.0
        3       0.935                   1.000           0.999            3.0      0.2       0.2
        4       0.828                   1.000           0.998            3.9      0.9       0.8
        5       0.725                   1.000           0.995            4.5      2.4       1.9
        6       0.620                   1.000           0.991            4.5      5.2       3.7
        7       0.546                   1.000           0.985            4.0      8.8       5.8
        8       0.475                   1.000           0.977            3.1     13.8       8.9
        9       0.424                   1.000           0.969            2.2     19.0      12.2
        10      0.375                   1.000           0.957            1.4     25.3      16.7
        11      0.340                   1.000           0.945            0.8     31.5      21.4
        12      0.312                   1.000           0.932            0.5     38.0      26.5
        13      0.285                   1.000           0.915            0.2     45.4      32.6
        14      0.265                   1.000           0.899            0.1     52.7      38.8
        15      0.246                   1.000           0.880            0.1     61.0      46.1
        20      0.196                   1.000           0.783            0.0    102.2      82.2
        25      0.170                   1.000           0.673            0.0    147.3     122.3

t = 93, n = 961, matrix = optimized_M_93_961_STS_1

COMP
        d       Precision       Recall (Sensitivity)    Specificity     surep   unsurep false_pos
        1       1.000                   1.000           1.000            1.0      0.0       0.0
        2       1.000                   1.000           1.000            2.0      0.0       0.0
        3       0.940                   1.000           1.000            3.0      0.2       0.2
        4       0.850                   1.000           0.999            3.9      0.8       0.7
        5       0.757                   1.000           0.998            4.7      1.9       1.6
        6       0.664                   1.000           0.997            5.1      3.9       3.0
        7       0.579                   1.000           0.995            5.0      7.1       5.1
        8       0.510                   1.000           0.992            4.4     11.3       7.7
        9       0.445                   1.000           0.988            3.4     16.8      11.2
        10      0.396                   1.000           0.984            2.5     22.8      15.3
        11      0.356                   1.000           0.979            1.7     29.2      19.9
        12      0.319                   1.000           0.973            1.1     36.5      25.6
        13      0.292                   1.000           0.967            0.6     44.0      31.6
        14      0.270                   1.000           0.960            0.4     51.3      37.8
        15      0.243                   1.000           0.951            0.2     61.6      46.8
        20      0.180                   1.000           0.903            0.0    111.2      91.2
        25      0.144                   1.000           0.841            0.0    174.1     149.1

t = 93, n = 961, matrix = optimized_M_93_961_kirkman

COMP
        d       Precision       Recall (Sensitivity)    Specificity     surep   unsurep false_pos
        1       1.000                   1.000           1.000            1.0      0.0       0.0
        2       1.000                   1.000           1.000            2.0      0.0       0.0
        3       0.955                   1.000           1.000            3.0      0.1       0.1
        4       0.862                   1.000           0.999            4.0      0.7       0.6
        5       0.759                   1.000           0.998            4.7      1.8       1.6
        6       0.663                   1.000           0.997            5.1      3.9       3.0
        7       0.579                   1.000           0.995            5.0      7.1       5.1
        8       0.505                   1.000           0.992            4.3     11.5       7.8
        9       0.445                   1.000           0.988            3.4     16.8      11.2
        10      0.399                   1.000           0.984            2.5     22.5      15.0
        11      0.353                   1.000           0.979            1.7     29.5      20.2
        12      0.322                   1.000           0.973            1.1     36.2      25.3
        13      0.291                   1.000           0.967            0.6     44.1      31.7
        14      0.268                   1.000           0.960            0.4     51.8      38.2
        15      0.246                   1.000           0.951            0.2     60.8      46.0
        20      0.179                   1.000           0.902            0.0    112.0      92.0
        25      0.143                   1.000           0.839            0.0    175.4     150.4
